# Wed Mar 19 11:32:03 2025
# Output created from within /home/haue/repositories/Masters/setup with the following command
# TDZ -dU4,P4 -i46 --ft=296.0 
# Setup: setup.json
# Target: target.json
# Telescope Tabulation for p implanted 46 nm into [-Carbon-] target of thickness 142.033 nm and traversing U4:P4 telescope.
# Properties of U4:	threshold= 100 keV	fdlF=      0.1 um	ft=         296 um	fdlB=       0.5 um.
# Properties of P4:	threshold= 100 keV	bdlF=       0.5 um	bt=         1458 um.
# v	Edep_max	Eparticle_dz_lower	Eparticle_dz_upper	Edep_dz_lower	Eparticle_spurious_lower
0.681912	7015.7	7017.72	7040.29	6810.45	6812.55	
0.64927	6913.06	6915.05	6937.55	6710.6	6712.68	
0.61744	6820.61	6822.58	6845.02	6620.64	6622.7	
0.587301	6739.53	6741.48	6763.89	6541.79	6543.82	
0.559922	6670.97	6672.91	6695.29	6475.07	6477.08	
0.53652	6615.99	6617.91	6640.28	6421.57	6423.58	
0.51836	6575.51	6577.43	6599.8	6382.18	6384.17	
0.506598	6550.29	6552.2	6574.56	6357.65	6359.63	
0.502076	6540.8	6542.7	6565.07	6348.41	6350.4	
0.505139	6547.22	6549.12	6571.49	6354.66	6356.64	
0.515552	6569.42	6571.34	6593.7	6376.25	6378.24	
0.532557	6606.99	6608.92	6631.28	6412.82	6414.83	
0.555043	6659.24	6661.17	6683.55	6463.64	6465.65	
0.58175	6725.25	6727.19	6749.59	6527.91	6529.94	
0.611444	6803.99	6805.96	6828.4	6604.47	6606.52	
0.643022	6894.33	6896.32	6918.81	6692.39	6694.46	
0.652288	6922.2	6924.23	6946.74	6719.53	6721.64	
0.615724	6815.83	6817.83	6840.27	6616.02	6618.11	
0.579617	6719.81	6721.79	6744.18	6522.66	6524.72	
0.544949	6635.42	6637.38	6659.75	6440.5	6442.54	
0.512983	6563.89	6565.83	6588.2	6370.9	6372.92	
0.485241	6506.42	6508.35	6530.71	6314.98	6316.99	
0.463405	6464.06	6465.98	6488.34	6273.76	6275.76	
0.4491	6437.63	6439.55	6461.91	6248.05	6250.04	
0.443563	6427.68	6429.6	6451.96	6238.36	6240.35	
0.447316	6434.41	6436.33	6458.69	6244.91	6246.91	
0.460002	6457.68	6459.6	6481.96	6267.56	6269.55	
0.4805	6497.01	6498.94	6521.3	6305.82	6307.83	
0.507233	6551.63	6553.57	6575.94	6358.98	6361	
0.538507	6620.53	6622.49	6644.86	6426.03	6428.06	
0.572759	6702.53	6704.5	6726.89	6505.84	6507.9	
0.608673	6796.4	6798.4	6820.83	6597.11	6599.19	
0.624156	6839.52	6841.56	6864.01	6639.11	6641.24	
0.583472	6729.66	6731.67	6754.07	6532.26	6534.36	
0.542737	6630.28	6632.27	6654.64	6435.54	6437.62	
0.502997	6542.72	6544.69	6567.06	6350.35	6352.41	
0.465685	6468.36	6470.32	6492.69	6277.98	6280.02	
0.432663	6408.54	6410.48	6432.85	6219.74	6221.76	
0.406162	6364.4	6366.33	6388.69	6176.75	6178.76	
0.388512	6336.84	6338.77	6361.13	6149.92	6151.92	
0.381611	6326.47	6328.39	6350.75	6139.82	6141.82	
0.386293	6333.48	6335.41	6357.77	6146.64	6148.65	
0.401986	6357.75	6359.68	6382.04	6170.27	6172.28	
0.426952	6398.74	6400.68	6423.04	6210.19	6212.21	
0.458894	6455.61	6457.57	6479.93	6265.58	6267.62	
0.495534	6527.26	6529.23	6551.59	6335.31	6337.36	
0.534929	6612.37	6614.35	6636.72	6418.12	6420.19	
0.575564	6709.56	6711.57	6733.97	6512.72	6514.82	
0.598417	6768.73	6770.8	6793.22	6570.27	6572.42	
0.553576	6655.74	6657.78	6680.15	6460.34	6462.46	
0.508017	6553.29	6555.31	6577.67	6360.67	6362.77	
0.462768	6462.86	6464.85	6487.22	6272.67	6274.74	
0.419356	6385.95	6387.93	6410.29	6197.78	6199.83	
0.379952	6324	6325.96	6348.33	6137.46	6139.5	
0.347452	6278.28	6280.23	6302.57	6093.03	6095.05	
0.325251	6249.74	6251.69	6274.02	6065.15	6067.18	
0.316427	6238.99	6240.94	6263.26	6054.6	6056.63	
0.322423	6246.26	6248.21	6270.53	6061.74	6063.77	
0.342243	6271.39	6273.34	6295.68	6086.32	6088.34	
0.373021	6313.85	6315.81	6338.17	6127.6	6129.63	
0.411336	6372.75	6374.72	6397.09	6184.92	6186.98	
0.454165	6446.87	6448.86	6471.22	6257.11	6259.19	
0.499195	6534.81	6536.82	6559.18	6342.69	6344.78	
0.544788	6635.04	6637.08	6659.45	6440.21	6442.33	
0.576087	6710.88	6712.97	6735.37	6514.09	6516.27	
0.527298	6595.2	6597.27	6619.63	6401.49	6403.64	
0.476991	6490.12	6492.17	6514.53	6299.23	6301.35	
0.426067	6397.23	6399.25	6421.62	6208.8	6210.91	
0.375978	6318.16	6320.16	6342.52	6131.82	6133.9	
0.329029	6254.45	6256.44	6278.76	6069.8	6071.87	
0.288754	6207.41	6209.39	6231.71	6023.62	6025.68	
0.260087	6178.04	6180	6202.31	5995.11	5997.16	
0.248348	6166.97	6168.93	6191.23	5984.45	5986.49	
0.256349	6174.45	6176.41	6198.72	5991.66	5993.7	
0.282127	6200.32	6202.3	6224.62	6016.7	6018.75	
0.320578	6244.01	6246	6268.32	6059.57	6061.64	
0.366556	6304.58	6306.58	6328.93	6118.63	6120.71	
0.416249	6380.8	6382.82	6405.18	6192.8	6194.9	
0.467147	6471.14	6473.18	6495.54	6280.76	6282.88	
0.517657	6573.99	6576.05	6598.41	6380.84	6382.99	
0.558226	6666.87	6669.01	6691.39	6471.27	6473.5	
0.506017	6549.06	6551.17	6573.53	6356.65	6358.84	
0.451457	6441.92	6444	6466.36	6252.38	6254.55	
0.395194	6347.1	6349.16	6371.52	6160.03	6162.17	
0.338375	6266.35	6268.39	6290.72	6081.49	6083.61	
0.283034	6201.28	6203.31	6225.62	6017.68	6019.78	
0.232869	6153.22	6155.22	6177.5	5971.2	5973.27	
0.194549	6123.21	6125.2	6147.46	5941.97	5944.04	
0.177857	6111.9	6113.89	6136.14	5930.92	5932.99	
0.189312	6119.55	6121.54	6143.79	5938.39	5940.46	
0.224256	6145.98	6147.98	6170.25	5964.16	5966.24	
0.272764	6190.61	6192.63	6214.95	6007.3	6009.4	
0.327464	6252.49	6254.53	6276.85	6067.93	6070.05	
0.384192	6330.32	6332.37	6354.74	6143.69	6145.83	
0.440673	6422.55	6424.62	6446.99	6233.52	6235.68	
0.495626	6527.44	6529.54	6551.91	6335.62	6337.8	
0.54582	6637.45	6639.63	6662	6442.7	6444.97	
0.491086	6518.18	6520.34	6542.7	6326.66	6328.9	
0.433286	6409.61	6411.74	6434.11	6220.97	6223.18	
0.372774	6313.49	6315.59	6337.95	6127.39	6129.57	
0.310215	6231.62	6233.71	6256.03	6047.5	6049.67	
0.246871	6165.62	6167.67	6189.97	5983.24	5985.38	
0.185387	6116.87	6118.92	6141.17	5935.83	5937.95	
0.132435	6086.42	6088.46	6110.69	5906.04	5908.16	
0.105594	6074.94	6076.97	6099.2	5894.82	5896.94	
0.12439	6082.7	6084.74	6106.97	5902.41	5904.52	
0.174136	6109.53	6111.57	6133.81	5928.64	5930.77	
0.234703	6154.8	6156.85	6179.13	5972.78	5974.91	
0.297961	6217.56	6219.65	6241.97	6033.67	6035.85	
0.360797	6296.48	6298.57	6320.93	6110.87	6113.05	
0.421771	6389.98	6392.11	6414.47	6201.85	6204.06	
0.48013	6496.28	6498.43	6520.79	6305.33	6307.56	
0.539641	6623.13	6625.37	6647.74	6428.84	6431.17	
0.483598	6503.15	6505.36	6527.72	6312.07	6314.37	
0.424087	6393.88	6396.07	6418.43	6205.7	6207.98	
0.361254	6297.12	6299.27	6321.63	6111.55	6113.79	
0.295392	6214.69	6216.84	6239.16	6030.92	6033.15	
0.226983	6148.24	6150.35	6172.63	5966.47	5968.67	
0.156832	6099.15	6101.25	6123.49	5918.55	5920.74	
0.0868438	6068.48	6070.57	6092.79	5888.57	5890.75	
0.0326588	6056.91	6059	6081.22	5877.29	5879.46	
0.0738099	6064.73	6066.82	6089.04	5884.92	5887.09	
0.14317	6091.75	6093.85	6116.08	5911.31	5913.49	
0.213507	6137.35	6139.45	6161.72	5955.88	5958.07	
0.282332	6200.54	6202.67	6224.99	6017.06	6019.29	
0.348731	6279.99	6282.14	6304.49	6094.9	6097.13	
0.412178	6374.12	6376.3	6398.66	6186.46	6188.73	
0.472348	6481.11	6483.31	6505.68	6290.62	6292.91	
0.540099	6624.19	6626.5	6648.87	6429.94	6432.35	
0.484155	6504.25	6506.54	6528.9	6313.22	6315.6	
0.424773	6395.04	6397.3	6419.66	6206.9	6209.25	
0.362118	6298.32	6300.55	6322.9	6112.79	6115.1	
0.296513	6215.94	6218.16	6240.47	6032.21	6034.52	
0.228512	6149.52	6151.7	6173.98	5967.79	5970.05	
0.159119	6100.46	6102.63	6124.87	5919.9	5922.15	
0.0909991	6069.8	6071.96	6094.18	5889.93	5892.18	
0.0425676	6058.24	6060.4	6082.62	5878.65	5880.9	
0.0786699	6066.06	6068.21	6090.44	5886.28	5888.52	
0.145684	6093.06	6095.23	6117.46	5912.66	5914.91	
0.215145	6138.63	6140.81	6163.08	5957.2	5959.46	
0.283516	6201.79	6204	6226.32	6018.36	6020.65	
0.349637	6281.21	6283.43	6305.77	6096.15	6098.46	
0.412894	6375.29	6377.54	6399.9	6187.67	6190.01	
0.472927	6482.22	6484.5	6506.87	6291.78	6294.15	
0.547164	6640.59	6643	6665.37	6445.98	6448.48	
0.49271	6521.48	6523.86	6546.22	6330.09	6332.56	
0.435274	6413.07	6415.41	6437.78	6224.55	6226.99	
0.375247	6317.09	6319.4	6341.76	6131.09	6133.5	
0.313363	6235.34	6237.64	6259.96	6051.36	6053.76	
0.251011	6169.43	6171.7	6194	5987.13	5989.49	
0.191063	6120.76	6123.01	6145.27	5939.84	5942.18	
0.140443	6090.36	6092.6	6114.84	5910.1	5912.43	
0.11556	6078.9	6081.14	6103.37	5898.89	5901.22	
0.132907	6086.64	6088.89	6111.12	5906.47	5908.8	
0.180199	6113.43	6115.68	6137.92	5932.66	5935.01	
0.239088	6158.63	6160.89	6183.18	5976.7	5979.05	
0.301272	6221.3	6223.6	6245.91	6037.56	6039.95	
0.363383	6300.1	6302.41	6324.76	6114.59	6117	
0.423841	6393.47	6395.81	6418.17	6205.45	6207.89	
0.481818	6499.61	6501.98	6524.34	6308.79	6311.25	
0.560369	6672.05	6674.56	6696.94	6476.69	6479.31	
0.508583	6554.5	6556.97	6579.34	6362.3	6364.88	
0.454558	6447.59	6450.04	6472.41	6258.28	6260.83	
0.39898	6353.01	6355.43	6377.79	6166.15	6168.67	
0.343053	6272.46	6274.85	6297.19	6087.8	6090.3	
0.288879	6207.55	6209.94	6232.25	6024.16	6026.64	
0.24019	6159.61	6161.96	6184.25	5977.74	5980.19	
0.203445	6129.67	6132.02	6154.28	5948.63	5951.08	
0.187627	6118.39	6120.74	6142.99	5937.62	5940.06	
0.198467	6126.02	6128.37	6150.62	5945.07	5947.51	
0.231889	6152.38	6154.74	6177.02	5970.74	5973.19	
0.278872	6196.9	6199.29	6221.6	6013.77	6016.25	
0.332344	6258.63	6261.03	6283.35	6074.3	6076.79	
0.388133	6336.27	6338.69	6361.05	6149.85	6152.36	
0.443893	6428.27	6430.72	6453.08	6239.46	6242.01	
0.498286	6532.92	6535.4	6557.76	6341.32	6343.9	
0.578903	6718	6720.65	6743.04	6521.56	6524.32	
0.530631	6602.66	6605.27	6627.63	6409.29	6412.01	
0.480955	6497.91	6500.49	6522.85	6307.35	6310.04	
0.430802	6405.32	6407.88	6430.25	6217.22	6219.88	
0.381647	6326.52	6329.05	6351.41	6140.47	6143.11	
0.335794	6263.03	6265.54	6287.87	6078.72	6081.33	
0.296705	6216.16	6218.67	6240.98	6032.72	6035.33	
0.269075	6186.89	6189.37	6211.69	6004.17	6006.76	
0.257821	6175.86	6178.34	6200.64	5993.53	5996.11	
0.265487	6183.31	6185.8	6208.11	6000.72	6003.3	
0.290301	6209.09	6211.6	6233.91	6025.79	6028.39	
0.32757	6252.62	6255.14	6277.46	6068.54	6071.16	
0.372425	6312.99	6315.52	6337.87	6127.32	6129.95	
0.421152	6388.95	6391.5	6413.86	6201.27	6203.93	
0.471249	6478.99	6481.57	6503.93	6288.93	6291.61	
0.521103	6581.51	6584.12	6606.48	6388.7	6391.42	
0.601762	6777.68	6780.5	6802.92	6579.72	6582.66	
0.557485	6665.09	6667.87	6690.25	6470.18	6473.08	
0.512588	6563.04	6565.79	6588.15	6370.88	6373.74	
0.468111	6472.98	6475.7	6498.06	6283.23	6286.06	
0.425575	6396.4	6399.1	6421.46	6208.67	6211.48	
0.387114	6334.72	6337.4	6359.76	6148.6	6151.39	
0.355529	6289.2	6291.86	6314.21	6104.36	6107.13	
0.334044	6260.79	6263.44	6285.77	6076.67	6079.43	
0.325529	6250.09	6252.74	6275.06	6066.2	6068.96	
0.331314	6257.32	6259.98	6282.31	6073.28	6076.04	
0.350482	6282.34	6285	6307.35	6097.69	6100.46	
0.380367	6324.62	6327.29	6349.65	6138.77	6141.55	
0.417735	6383.26	6385.95	6408.31	6195.87	6198.68	
0.45967	6457.06	6459.77	6482.14	6267.75	6270.58	
0.503907	6544.63	6547.37	6569.73	6352.97	6355.83	
0.548817	6644.47	6647.25	6669.62	6450.12	6453.01	
0.627887	6850.15	6853.19	6875.64	6650.45	6653.61	
0.587773	6740.75	6743.74	6766.15	6544.01	6547.13	
0.547688	6641.82	6644.78	6667.15	6447.72	6450.8	
0.508671	6554.68	6557.61	6579.97	6362.93	6365.98	
0.472137	6480.7	6483.61	6505.97	6290.92	6293.95	
0.4399	6421.18	6424.07	6446.43	6233	6236	
0.414107	6377.27	6380.15	6402.51	6190.22	6193.22	
0.396975	6349.87	6352.74	6375.1	6163.53	6166.51	
0.390288	6339.55	6342.41	6364.77	6153.48	6156.45	
0.394824	6346.53	6349.39	6371.75	6160.28	6163.26	
0.41005	6370.66	6373.53	6395.89	6183.78	6186.77	
0.434335	6411.43	6414.32	6436.68	6223.5	6226.5	
0.465499	6468.01	6470.91	6493.28	6278.58	6281.6	
0.501356	6539.29	6542.22	6564.58	6347.97	6351.01	
0.540014	6623.99	6626.94	6649.31	6430.38	6433.46	
0.579985	6720.75	6723.73	6746.12	6524.57	6527.68	
0.656273	6934.39	6937.7	6960.2	6732.65	6736.1	
0.62026	6828.51	6831.78	6854.22	6629.63	6633.03	
0.584761	6732.97	6736.2	6758.6	6536.69	6540.05	
0.550747	6649.02	6652.22	6674.59	6454.97	6458.3	
0.519452	6577.9	6581.07	6603.43	6385.75	6389.06	
0.492355	6520.76	6523.92	6546.27	6330.16	6333.45	
0.471075	6478.65	6481.79	6504.15	6289.16	6292.43	
0.457158	6452.39	6455.52	6477.88	6263.62	6266.88	
0.451778	6442.5	6445.63	6467.99	6254	6257.25	
0.455424	6449.19	6452.32	6474.68	6260.5	6263.76	
0.467763	6472.31	6475.45	6497.81	6283	6286.26	
0.487732	6511.41	6514.56	6536.92	6321.06	6324.34	
0.513831	6565.71	6568.88	6591.24	6373.89	6377.19	
0.544435	6634.22	6637.41	6659.78	6440.57	6443.9	
0.578027	6715.78	6719	6741.39	6519.98	6523.34	
0.613323	6809.17	6812.43	6834.87	6610.8	6614.2	
0.686039	7029.28	7032.97	7055.54	6825.31	6829.15	
0.653913	6927.16	6930.8	6953.3	6725.95	6729.74	
0.622636	6835.21	6838.81	6861.25	6636.47	6640.22	
0.593073	6754.59	6758.15	6780.56	6558.02	6561.73	
0.566267	6686.44	6689.97	6712.35	6491.73	6495.41	
0.543395	6631.8	6635.31	6657.68	6438.54	6442.19	
0.525676	6591.59	6595.09	6617.45	6399.4	6403.04	
0.514214	6566.54	6570.02	6592.38	6375.01	6378.64	
0.509811	6557.11	6560.59	6582.95	6365.84	6369.46	
0.512794	6563.48	6566.97	6589.33	6372.04	6375.67	
0.522939	6585.54	6589.04	6611.4	6393.51	6397.15	
0.539526	6622.87	6626.38	6648.74	6429.85	6433.5	
0.561495	6674.78	6678.31	6700.69	6480.37	6484.04	
0.587635	6740.39	6743.95	6766.35	6544.22	6547.92	
0.61675	6818.68	6822.27	6844.71	6620.39	6624.13	
0.647769	6908.53	6912.16	6934.65	6707.83	6711.61	
