# Wed Mar 19 11:32:05 2025
# Output created from within /home/haue/repositories/Masters/setup with the following command
# TDZ -dU1,P1 -i22.4 --ft=50.0 
# Setup: setup.json
# Target: target.json
# Telescope Tabulation for p implanted 22.4 nm into [-Carbon-] target of thickness 142.033 nm and traversing U1:P1 telescope.
# Properties of U1:	threshold= 100 keV	fdlF=      0.1 um	ft=         50 um	fdlB=       0.5 um.
# Properties of P1:	threshold= 100 keV	bdlF=       0.5 um	bt=         500 um.
# v	Edep_max	Eparticle_dz_lower	Eparticle_dz_upper	Edep_dz_lower	Eparticle_spurious_lower
0.661463	2398.16	2401.87	2451.16	2223.15	2227.19	
0.629214	2362.29	2365.95	2415.03	2189.73	2193.7	
0.598243	2330.49	2334.1	2383	2160.08	2164	
0.569532	2303.17	2306.74	2355.48	2134.6	2138.48	
0.544234	2280.72	2284.26	2332.86	2113.66	2117.5	
0.523604	2263.47	2266.99	2315.49	2097.56	2101.38	
0.508863	2251.72	2255.22	2303.65	2086.58	2090.38	
0.501017	2245.65	2249.14	2297.53	2080.91	2084.71	
0.500649	2245.37	2248.86	2297.25	2080.65	2084.44	
0.507789	2250.88	2254.38	2302.81	2085.8	2089.6	
0.521901	2262.09	2265.6	2314.1	2096.27	2100.09	
0.542014	2278.81	2282.35	2330.94	2111.88	2115.73	
0.566915	2300.78	2304.35	2353.07	2132.37	2136.25	
0.595348	2327.65	2331.25	2380.13	2157.42	2161.35	
0.626146	2359.03	2362.68	2411.74	2186.69	2190.66	
0.658309	2394.52	2398.23	2447.5	2219.77	2223.79	
0.62978	2362.9	2366.59	2415.67	2190.33	2194.34	
0.593424	2325.77	2329.41	2378.27	2155.71	2159.66	
0.55804	2292.79	2296.38	2345.05	2124.95	2128.86	
0.52476	2264.41	2267.97	2316.47	2098.47	2102.33	
0.494988	2241.07	2244.59	2292.96	2076.68	2080.5	
0.470345	2223.13	2226.62	2274.87	2059.92	2063.71	
0.452509	2210.89	2214.36	2262.54	2048.48	2052.25	
0.44293	2204.57	2208.03	2256.17	2042.57	2046.33	
0.44248	2204.28	2207.74	2255.87	2042.3	2046.06	
0.451202	2210.02	2213.49	2261.66	2047.66	2051.43	
0.468296	2221.69	2225.18	2273.43	2058.58	2062.36	
0.492352	2239.1	2242.61	2290.96	2074.83	2078.65	
0.521701	2261.93	2265.48	2313.97	2096.15	2100.01	
0.554707	2289.83	2293.42	2342.08	2122.2	2126.1	
0.589941	2322.39	2326.02	2374.86	2152.55	2156.51	
0.626245	2359.14	2362.83	2411.88	2186.82	2190.83	
0.599504	2331.74	2335.43	2384.33	2161.32	2165.33	
0.558767	2293.43	2297.07	2345.74	2125.59	2129.54	
0.518522	2259.37	2262.95	2311.43	2093.8	2097.69	
0.480016	2230.03	2233.56	2281.86	2066.4	2070.24	
0.444908	2205.86	2209.36	2257.5	2043.82	2047.62	
0.41527	2187.27	2190.74	2238.76	2026.43	2030.21	
0.393424	2174.58	2178.03	2225.97	2014.56	2018.31	
0.381532	2168.03	2171.46	2219.36	2008.43	2012.17	
0.38097	2167.72	2171.16	2219.05	2008.14	2011.88	
0.391808	2173.68	2177.13	2225.06	2013.72	2017.47	
0.412777	2185.78	2189.25	2237.26	2025.04	2028.81	
0.441765	2203.81	2207.31	2255.44	2041.9	2045.7	
0.47644	2227.46	2230.99	2279.27	2064	2067.84	
0.514697	2256.32	2259.89	2308.35	2090.95	2094.84	
0.554834	2289.94	2293.57	2342.23	2122.34	2126.28	
0.595567	2327.86	2331.54	2380.42	2157.7	2161.7	
0.571621	2305.09	2308.79	2357.53	2136.51	2140.52	
0.526388	2265.75	2269.38	2317.9	2099.8	2103.75	
0.480968	2230.72	2234.3	2282.6	2067.08	2070.97	
0.436637	2200.51	2204.05	2252.15	2038.85	2042.7	
0.395251	2175.61	2179.11	2227.05	2015.57	2019.37	
0.359366	2156.44	2159.9	2207.72	1997.63	2001.4	
0.332194	2143.35	2146.79	2194.51	1985.38	1989.12	
0.317083	2136.57	2140	2187.68	1979.04	1982.77	
0.316363	2136.26	2139.69	2187.37	1978.74	1982.47	
0.330155	2142.41	2145.85	2193.57	1984.5	1988.24	
0.356301	2154.9	2158.36	2206.17	1996.19	1999.95	
0.391491	2173.5	2176.99	2224.92	2013.59	2017.39	
0.432468	2197.86	2201.39	2249.48	2036.38	2040.21	
0.476605	2227.57	2231.15	2279.43	2064.15	2068.03	
0.521984	2262.16	2265.79	2314.28	2096.45	2100.39	
0.567278	2301.11	2304.8	2353.52	2132.79	2136.8	
0.547271	2283.33	2287.04	2335.66	2116.26	2120.29	
0.49769	2243.12	2246.76	2295.14	2078.71	2082.67	
0.447056	2207.27	2210.86	2259.01	2045.22	2049.12	
0.396536	2176.34	2179.88	2227.83	2016.29	2020.14	
0.347998	2150.82	2154.31	2202.09	1992.41	1996.22	
0.304357	2131.15	2134.61	2182.26	1974	1977.77	
0.269914	2117.7	2121.15	2168.7	1961.42	1965.16	
0.250038	2110.75	2114.18	2161.69	1954.91	1958.64	
0.249075	2110.43	2113.86	2161.37	1954.6	1958.34	
0.267266	2116.74	2120.19	2167.73	1960.52	1964.26	
0.300541	2129.57	2133.03	2180.67	1972.52	1976.29	
0.343503	2148.65	2152.14	2199.91	1990.39	1994.19	
0.391715	2173.63	2177.16	2225.09	2013.75	2017.6	
0.442139	2204.06	2207.64	2255.77	2042.21	2046.11	
0.492822	2239.45	2243.09	2291.44	2075.28	2079.24	
0.542541	2279.27	2282.97	2331.56	2112.46	2116.49	
0.527673	2266.8	2270.54	2319.06	2100.88	2104.95	
0.474263	2225.9	2229.58	2277.85	2062.68	2066.68	
0.418841	2189.43	2193.04	2241.07	2028.59	2032.52	
0.362294	2157.92	2161.49	2209.31	1999.11	2002.99	
0.306178	2131.91	2135.43	2183.08	1974.76	1978.59	
0.253293	2111.85	2115.33	2162.85	1955.99	1959.78	
0.208761	2098.13	2101.59	2149.02	1943.14	1946.9	
0.181173	2091.03	2094.48	2141.86	1936.49	1940.24	
0.179787	2090.7	2094.15	2141.53	1936.18	1939.94	
0.205185	2097.15	2100.61	2148.03	1942.22	1945.99	
0.248509	2110.24	2113.72	2161.23	1954.48	1958.27	
0.300859	2129.7	2133.21	2180.85	1972.7	1976.52	
0.356811	2155.16	2158.72	2206.52	1996.53	2000.4	
0.413399	2186.15	2189.76	2237.77	2025.52	2029.45	
0.468977	2222.17	2225.84	2274.08	2059.2	2063.18	
0.522608	2262.66	2266.4	2314.89	2097.02	2101.08	
0.513992	2255.76	2259.54	2307.99	2090.63	2094.74	
0.45771	2214.4	2218.11	2266.31	2051.99	2056.03	
0.398562	2177.49	2181.15	2229.1	2017.48	2021.45	
0.337051	2145.6	2149.2	2196.94	1987.64	1991.55	
0.274112	2119.25	2122.8	2170.36	1962.97	1966.83	
0.21159	2098.92	2102.44	2149.87	1943.93	1947.76	
0.153748	2085.01	2088.5	2135.84	1930.91	1934.71	
0.112186	2077.81	2081.29	2128.59	1924.16	1927.96	
0.109871	2077.47	2080.96	2128.25	1923.85	1927.64	
0.14872	2084.01	2087.51	2134.84	1929.98	1933.78	
0.205683	2097.28	2100.8	2148.22	1942.4	1946.23	
0.268001	2117.01	2120.56	2168.11	1960.87	1964.74	
0.331002	2142.8	2146.39	2194.11	1985.02	1988.92	
0.392702	2174.18	2177.83	2225.76	2014.38	2018.35	
0.452106	2210.62	2214.33	2262.5	2048.46	2052.5	
0.508679	2251.58	2255.35	2303.78	2086.72	2090.83	
0.507155	2250.39	2254.23	2302.65	2085.68	2089.86	
0.449371	2208.8	2212.58	2260.73	2046.83	2050.93	
0.388222	2171.69	2175.39	2223.31	2012.11	2016.15	
0.323931	2139.6	2143.25	2190.95	1982.08	1986.06	
0.256885	2113.08	2116.69	2164.21	1957.26	1961.19	
0.187709	2092.62	2096.19	2143.58	1938.09	1941.98	
0.117582	2078.61	2082.16	2129.46	1924.98	1928.85	
0.0512383	2071.36	2074.9	2122.16	1918.19	1922.04	
0.0458733	2071.03	2074.57	2121.82	1917.88	1921.73	
0.110836	2077.61	2081.16	2128.45	1924.04	1927.91	
0.180936	2090.97	2094.54	2141.92	1936.56	1940.44	
0.250271	2110.83	2114.43	2161.94	1955.15	1959.07	
0.317556	2136.78	2140.43	2188.11	1979.45	1983.42	
0.382132	2168.35	2172.05	2219.95	2008.99	2013.02	
0.443597	2205.01	2208.77	2256.91	2043.28	2047.37	
0.501714	2246.18	2250.02	2298.41	2081.75	2085.92	
0.507663	2250.78	2254.7	2303.13	2086.13	2090.39	
0.449992	2209.22	2213.07	2261.23	2047.29	2051.48	
0.388995	2172.11	2175.9	2223.82	2012.59	2016.71	
0.324919	2140.04	2143.77	2191.47	1982.57	1986.63	
0.258198	2113.53	2117.22	2164.74	1957.76	1961.77	
0.189577	2093.08	2096.73	2144.12	1938.6	1942.57	
0.120627	2079.08	2082.71	2130.01	1925.5	1929.44	
0.0579799	2071.84	2075.45	2122.71	1918.71	1922.64	
0.0533027	2071.5	2075.12	2122.37	1918.39	1922.33	
0.114068	2078.08	2081.71	2129	1924.56	1928.5	
0.18288	2091.44	2095.08	2142.46	1937.06	1941.03	
0.251624	2111.28	2114.96	2162.47	1955.65	1959.66	
0.318568	2137.22	2140.95	2188.63	1979.94	1983.99	
0.382923	2168.78	2172.56	2220.46	2009.47	2013.58	
0.444231	2205.42	2209.27	2257.4	2043.74	2047.93	
0.502231	2246.58	2250.5	2298.89	2082.2	2086.46	
0.515478	2256.94	2260.96	2309.42	2091.97	2096.35	
0.459516	2215.63	2219.58	2267.78	2053.38	2057.68	
0.40079	2178.77	2182.66	2230.62	2018.91	2023.14	
0.339854	2146.92	2150.75	2198.49	1989.1	1993.27	
0.277737	2120.6	2124.38	2171.96	1964.46	1968.58	
0.216461	2100.3	2104.05	2151.48	1945.45	1949.53	
0.160574	2086.41	2090.13	2137.48	1932.44	1936.5	
0.121504	2079.22	2082.93	2130.24	1925.71	1929.75	
0.119376	2078.89	2082.6	2129.9	1925.4	1929.44	
0.155781	2085.42	2089.14	2136.48	1931.51	1935.56	
0.210708	2098.67	2102.42	2149.84	1943.92	1948	
0.271725	2118.37	2122.15	2169.7	1962.37	1966.48	
0.333872	2144.12	2147.95	2195.67	1986.48	1990.64	
0.394977	2175.46	2179.34	2227.28	2015.81	2020.03	
0.453947	2211.86	2215.81	2263.98	2049.85	2054.15	
0.510192	2252.76	2256.78	2305.21	2088.07	2092.44	
0.53003	2268.74	2272.9	2321.43	2103.11	2107.63	
0.477098	2227.93	2232.01	2280.29	2064.98	2069.42	
0.422284	2191.53	2195.55	2243.59	2030.95	2035.32	
0.366523	2160.09	2164.05	2211.89	2001.53	2005.84	
0.311436	2134.14	2138.05	2185.71	1977.24	1981.49	
0.259883	2114.12	2118	2165.52	1958.5	1962.72	
0.21693	2100.43	2104.29	2151.72	1945.68	1949.87	
0.190662	2093.35	2097.19	2144.58	1939.04	1943.22	
0.189352	2093.02	2096.86	2144.25	1938.74	1942.92	
0.213508	2099.46	2103.31	2150.74	1944.76	1948.95	
0.255245	2112.51	2116.39	2163.9	1956.99	1961.21	
0.306233	2131.93	2135.84	2183.49	1975.17	1979.43	
0.361129	2157.33	2161.29	2209.1	1998.95	2003.26	
0.41691	2188.26	2192.27	2240.29	2027.89	2032.26	
0.471865	2224.2	2228.28	2276.53	2061.5	2065.93	
0.525007	2264.62	2268.77	2317.27	2099.25	2103.77	
0.55035	2286.01	2290.33	2338.95	2119.36	2124.06	
0.501344	2245.9	2250.15	2298.54	2081.9	2086.52	
0.451411	2210.16	2214.34	2262.5	2048.5	2053.05	
0.401744	2179.32	2183.44	2231.4	2019.65	2024.14	
0.354226	2153.87	2157.95	2205.74	1995.84	2000.27	
0.311741	2134.27	2138.3	2185.96	1977.48	1981.88	
0.278439	2120.86	2124.88	2172.45	1964.93	1969.3	
0.259345	2113.93	2117.93	2165.46	1958.44	1962.8	
0.258423	2113.61	2117.61	2165.13	1958.14	1962.5	
0.275889	2119.91	2123.92	2171.48	1964.04	1968.4	
0.30804	2132.69	2136.73	2184.38	1976.01	1980.4	
0.349838	2151.71	2155.78	2203.56	1993.82	1998.25	
0.397015	2176.61	2180.73	2228.67	2017.12	2021.6	
0.446569	2206.95	2211.13	2259.27	2045.5	2050.04	
0.496537	2242.24	2246.48	2294.85	2078.48	2083.09	
0.545672	2281.95	2286.27	2334.87	2115.57	2120.26	
0.575256	2308.46	2312.98	2361.73	2140.46	2145.38	
0.530637	2269.25	2273.7	2322.22	2103.87	2108.71	
0.485935	2234.34	2238.73	2287.04	2071.26	2076.03	
0.442431	2204.25	2208.58	2256.7	2043.13	2047.84	
0.40196	2179.44	2183.72	2231.68	2019.92	2024.58	
0.367014	2160.35	2164.59	2212.42	2002.05	2006.67	
0.340669	2147.3	2151.52	2199.26	1989.84	1994.43	
0.326071	2140.56	2144.76	2192.46	1983.52	1988.1	
0.325376	2140.25	2144.45	2192.15	1983.23	1987.81	
0.338697	2146.37	2150.59	2198.32	1988.97	1993.56	
0.364037	2158.81	2163.05	2210.87	2000.62	2005.23	
0.398291	2177.34	2181.62	2229.56	2017.95	2022.61	
0.438347	2201.61	2205.93	2254.04	2040.66	2045.36	
0.481648	2231.21	2235.59	2283.88	2068.33	2073.1	
0.526298	2265.67	2270.12	2318.62	2100.53	2105.37	
0.570968	2304.49	2309.01	2357.73	2136.76	2141.67	
0.603531	2335.75	2340.53	2389.43	2166.12	2171.33	
0.563405	2297.6	2302.31	2350.99	2130.53	2135.65	
0.523848	2263.67	2268.32	2316.8	2098.86	2103.91	
0.486095	2234.46	2239.04	2287.36	2071.56	2076.55	
0.451772	2210.4	2214.94	2263.1	2049.08	2054.02	
0.422885	2191.9	2196.4	2244.44	2031.77	2036.67	
0.401655	2179.27	2183.74	2231.7	2019.95	2024.82	
0.390124	2172.74	2177.2	2225.11	2013.84	2018.7	
0.389579	2172.44	2176.9	2224.81	2013.56	2018.41	
0.400087	2178.37	2182.84	2230.79	2019.11	2023.98	
0.420461	2190.41	2194.91	2242.94	2030.38	2035.28	
0.448705	2208.36	2212.9	2261.04	2047.17	2052.1	
0.482594	2231.9	2236.48	2284.77	2069.17	2074.16	
0.520093	2260.63	2265.27	2313.74	2096.02	2101.07	
0.559535	2294.12	2298.82	2347.49	2127.29	2132.4	
0.59965	2331.88	2336.66	2385.54	2162.52	2167.71	
0.634053	2367.49	2372.6	2421.69	2196	2201.56	
0.598278	2330.53	2335.57	2384.44	2161.52	2167	
0.563527	2297.71	2302.68	2351.36	2130.89	2136.3	
0.530911	2269.47	2274.39	2322.91	2104.54	2109.89	
0.5018	2246.25	2251.12	2299.5	2082.83	2088.13	
0.477759	2228.4	2233.23	2281.5	2066.16	2071.41	
0.460394	2216.23	2221.03	2269.22	2054.78	2060.01	
0.45108	2209.94	2214.73	2262.88	2048.89	2054.11	
0.450643	2209.65	2214.44	2262.59	2048.62	2053.84	
0.459122	2215.36	2220.16	2268.35	2053.96	2059.19	
0.475762	2226.97	2231.8	2280.06	2064.82	2070.07	
0.499225	2244.28	2249.15	2297.51	2081	2086.29	
0.527917	2267	2271.91	2320.42	2102.23	2107.57	
0.560257	2294.77	2299.73	2348.4	2128.15	2133.55	
0.594855	2327.16	2332.19	2381.05	2158.38	2163.85	
0.630572	2363.75	2368.85	2417.91	2192.5	2198.06	
0.665862	2403.28	2408.83	2458.12	2229.73	2235.77	
0.634149	2367.59	2373.07	2422.15	2196.45	2202.4	
0.603744	2335.96	2341.36	2390.26	2166.93	2172.82	
0.575608	2308.79	2314.13	2362.87	2141.58	2147.4	
0.550863	2286.46	2291.76	2340.37	2120.74	2126.5	
0.530717	2269.31	2274.57	2323.09	2104.73	2110.45	
0.516345	2257.63	2262.86	2311.31	2093.81	2099.5	
0.508702	2251.59	2256.82	2305.22	2088.17	2093.85	
0.508344	2251.31	2256.54	2304.94	2087.91	2093.59	
0.515299	2256.79	2262.03	2310.47	2093.03	2098.72	
0.529057	2267.94	2273.2	2321.7	2103.44	2109.17	
0.548693	2284.57	2289.86	2338.46	2118.97	2124.74	
0.573046	2306.41	2311.75	2360.48	2139.36	2145.17	
0.600905	2333.13	2338.53	2387.41	2164.29	2170.17	
0.631135	2364.35	2369.81	2418.88	2193.42	2199.37	
0.662759	2399.66	2405.2	2454.48	2226.36	2232.39	
