# Wed Mar 19 11:32:06 2025
# Output created from within /home/haue/repositories/Masters/setup with the following command
# TDZ -dU1,P1 -i22.4 --ft=65.0 
# Setup: setup.json
# Target: target.json
# Telescope Tabulation for p implanted 22.4 nm into [-Carbon-] target of thickness 142.033 nm and traversing U1:P1 telescope.
# Properties of U1:	threshold= 100 keV	fdlF=      0.1 um	ft=         65 um	fdlB=       0.5 um.
# Properties of P1:	threshold= 100 keV	bdlF=       0.5 um	bt=         500 um.
# v	Edep_max	Eparticle_dz_lower	Eparticle_dz_upper	Edep_dz_lower	Eparticle_spurious_lower
0.661463	2819.31	2822.62	2866.74	2638.74	2642.31	
0.629214	2777.64	2780.91	2824.85	2599.55	2603.07	
0.598243	2740.68	2743.91	2787.7	2564.78	2568.26	
0.569532	2708.92	2712.11	2755.77	2534.89	2538.33	
0.544234	2682.8	2685.96	2729.52	2510.31	2513.72	
0.523604	2662.74	2665.88	2709.36	2491.43	2494.81	
0.508863	2649.06	2652.18	2695.61	2478.55	2481.92	
0.501017	2641.99	2645.11	2688.51	2471.9	2475.26	
0.500649	2641.66	2644.78	2688.18	2471.59	2474.95	
0.507789	2648.08	2651.21	2694.63	2477.63	2481	
0.521901	2661.13	2664.27	2707.74	2489.91	2493.3	
0.542014	2680.59	2683.75	2727.3	2508.23	2511.64	
0.566915	2706.13	2709.32	2752.97	2532.27	2535.71	
0.595348	2737.37	2740.59	2784.37	2561.67	2565.14	
0.626146	2773.85	2777.11	2821.04	2595.98	2599.5	
0.658309	2815.09	2818.39	2862.5	2634.76	2638.33	
0.62978	2778.34	2781.64	2825.59	2600.24	2603.8	
0.593424	2735.19	2738.44	2782.2	2559.64	2563.15	
0.55804	2696.84	2700.05	2743.66	2523.56	2527.02	
0.52476	2663.83	2667.01	2710.49	2492.49	2495.91	
0.494988	2636.66	2639.81	2683.18	2466.91	2470.3	
0.470345	2615.76	2618.88	2662.18	2447.23	2450.59	
0.452509	2601.5	2604.6	2647.85	2433.79	2437.14	
0.44293	2594.13	2597.22	2640.44	2426.85	2430.19	
0.44248	2593.79	2596.88	2640.1	2426.53	2429.86	
0.451202	2600.48	2603.59	2646.83	2432.83	2436.18	
0.468296	2614.09	2617.21	2660.5	2445.65	2449.01	
0.492352	2634.36	2637.5	2680.87	2464.74	2468.12	
0.521701	2660.94	2664.11	2707.58	2489.77	2493.19	
0.554707	2693.41	2696.61	2740.21	2520.32	2523.78	
0.589941	2731.26	2734.5	2778.25	2555.94	2559.44	
0.626245	2773.97	2777.27	2821.19	2596.13	2599.68	
0.599504	2742.13	2745.42	2789.22	2566.21	2569.76	
0.558767	2697.59	2700.84	2744.45	2524.3	2527.8	
0.518522	2657.96	2661.16	2704.62	2487	2490.45	
0.480016	2623.8	2626.96	2670.29	2454.83	2458.24	
0.444908	2595.63	2598.77	2641.99	2428.3	2431.68	
0.41527	2573.95	2577.06	2620.2	2407.87	2411.22	
0.393424	2559.13	2562.23	2605.32	2393.92	2397.25	
0.381532	2551.48	2554.56	2597.62	2386.7	2390.02	
0.38097	2551.12	2554.2	2597.27	2386.36	2389.69	
0.391808	2558.08	2561.17	2604.26	2392.92	2396.25	
0.412777	2572.21	2575.32	2618.45	2406.23	2409.58	
0.441765	2593.24	2596.37	2639.59	2426.05	2429.42	
0.47644	2620.8	2623.96	2667.28	2452	2455.41	
0.514697	2654.41	2657.61	2701.05	2483.65	2487.1	
0.554834	2693.54	2696.78	2740.37	2520.48	2523.97	
0.595567	2737.62	2740.91	2784.69	2561.97	2565.51	
0.571621	2711.15	2714.45	2758.12	2537.1	2540.65	
0.526388	2665.38	2668.63	2712.12	2494.02	2497.52	
0.480968	2624.6	2627.8	2671.13	2455.62	2459.07	
0.436637	2589.39	2592.56	2635.76	2422.46	2425.87	
0.395251	2560.34	2563.47	2606.56	2395.08	2398.46	
0.359366	2537.94	2541.05	2584.06	2373.98	2377.32	
0.332194	2522.63	2525.72	2568.68	2359.54	2362.87	
0.317083	2514.71	2517.79	2560.73	2352.08	2355.4	
0.316363	2514.35	2517.43	2560.36	2351.73	2355.05	
0.330155	2521.54	2524.63	2567.59	2358.51	2361.84	
0.356301	2536.14	2539.25	2582.26	2372.28	2375.63	
0.391491	2557.87	2561	2604.09	2392.76	2396.13	
0.432468	2586.3	2589.46	2632.65	2419.55	2422.95	
0.476605	2620.94	2624.14	2667.46	2452.17	2455.62	
0.521984	2661.21	2664.45	2707.92	2490.09	2493.59	
0.567278	2706.52	2709.81	2753.46	2532.74	2536.29	
0.547271	2685.85	2689.16	2732.73	2513.32	2516.9	
0.49769	2639.04	2642.3	2685.69	2469.26	2472.77	
0.447056	2597.28	2600.49	2643.72	2429.93	2433.39	
0.396536	2561.19	2564.36	2607.46	2395.93	2399.35	
0.347998	2531.37	2534.51	2577.5	2367.82	2371.2	
0.304357	2508.37	2511.48	2554.39	2346.14	2349.49	
0.269914	2492.63	2495.73	2538.59	2331.3	2334.64	
0.250038	2484.49	2487.58	2530.41	2323.62	2326.95	
0.249075	2484.12	2487.2	2530.03	2323.27	2326.59	
0.267266	2491.51	2494.6	2537.46	2330.24	2333.58	
0.300541	2506.52	2509.63	2552.54	2344.4	2347.75	
0.343503	2528.84	2531.97	2574.96	2365.43	2368.81	
0.391715	2558.02	2561.19	2604.27	2392.94	2396.36	
0.442139	2593.53	2596.74	2639.95	2426.39	2429.85	
0.492822	2634.77	2638.02	2681.39	2465.24	2468.75	
0.542541	2681.11	2684.42	2727.97	2508.87	2512.44	
0.527673	2666.61	2669.95	2713.44	2495.26	2498.86	
0.474263	2618.99	2622.28	2665.59	2450.43	2453.97	
0.418841	2576.46	2579.7	2622.85	2410.36	2413.85	
0.362294	2539.67	2542.87	2585.89	2375.69	2379.14	
0.306178	2509.26	2512.42	2555.33	2347.02	2350.43	
0.253293	2485.78	2488.91	2531.74	2324.88	2328.26	
0.208761	2469.71	2472.83	2515.6	2309.72	2313.08	
0.181173	2461.4	2464.5	2507.25	2301.88	2305.22	
0.179787	2461.01	2464.11	2506.86	2301.51	2304.86	
0.205185	2468.57	2471.68	2514.45	2308.64	2312	
0.248509	2483.89	2487.03	2529.85	2323.1	2326.48	
0.300859	2506.67	2509.83	2552.73	2344.58	2347.99	
0.356811	2536.44	2539.63	2582.64	2372.65	2376.09	
0.413399	2572.64	2575.87	2619.01	2406.76	2410.25	
0.468977	2614.64	2617.92	2661.22	2446.33	2449.87	
0.522608	2661.8	2665.13	2708.6	2490.73	2494.33	
0.513992	2653.76	2657.14	2700.58	2483.22	2486.86	
0.45771	2605.58	2608.91	2652.17	2437.85	2441.43	
0.398562	2562.53	2565.8	2608.91	2397.29	2400.82	
0.337051	2525.27	2528.5	2571.47	2362.16	2365.64	
0.274112	2494.44	2497.63	2540.49	2333.1	2336.54	
0.21159	2470.64	2473.8	2516.58	2310.64	2314.06	
0.153748	2454.34	2457.49	2500.21	2295.27	2298.66	
0.112186	2445.9	2449.04	2491.73	2287.3	2290.68	
0.109871	2445.51	2448.65	2491.34	2286.94	2290.32	
0.14872	2453.17	2456.32	2499.04	2294.17	2297.56	
0.205683	2468.72	2471.89	2514.66	2308.84	2312.25	
0.268001	2491.82	2495.01	2537.86	2330.63	2334.07	
0.331002	2521.99	2525.22	2568.18	2359.08	2362.55	
0.392702	2558.66	2561.93	2605.02	2393.64	2397.17	
0.452106	2601.18	2604.5	2647.74	2433.7	2437.28	
0.508679	2648.89	2652.26	2695.69	2478.63	2482.27	
0.507155	2647.51	2650.94	2694.36	2477.39	2481.09	
0.449371	2599.06	2602.44	2645.67	2431.77	2435.4	
0.388222	2555.75	2559.07	2602.15	2390.96	2394.54	
0.323931	2518.25	2521.53	2564.48	2355.61	2359.14	
0.256885	2487.22	2490.46	2533.3	2326.35	2329.85	
0.187709	2463.26	2466.47	2509.22	2303.74	2307.2	
0.117582	2446.84	2450.04	2492.73	2288.25	2291.7	
0.0512383	2438.35	2441.53	2484.2	2280.23	2283.66	
0.0458733	2437.95	2441.14	2483.8	2279.86	2283.29	
0.110836	2445.67	2448.87	2491.56	2287.14	2290.59	
0.180936	2461.33	2464.54	2507.29	2301.92	2305.38	
0.250271	2484.58	2487.82	2530.65	2323.86	2327.35	
0.317556	2514.96	2518.23	2561.16	2352.5	2356.03	
0.382132	2551.86	2555.18	2598.24	2387.29	2390.87	
0.443597	2594.63	2598	2641.22	2427.6	2431.23	
0.501714	2642.61	2646.04	2689.44	2472.78	2476.48	
0.507663	2647.97	2651.47	2694.89	2477.9	2481.68	
0.449992	2599.54	2602.99	2646.22	2432.29	2436	
0.388995	2556.25	2559.64	2602.72	2391.5	2395.16	
0.324919	2518.77	2522.12	2565.06	2356.16	2359.77	
0.258198	2487.75	2491.06	2533.9	2326.92	2330.49	
0.189577	2463.8	2467.08	2509.83	2304.32	2307.85	
0.120627	2447.4	2450.66	2493.35	2288.84	2292.35	
0.0579799	2438.9	2442.16	2484.82	2280.82	2284.33	
0.0533027	2438.51	2441.76	2484.43	2280.45	2283.96	
0.114068	2446.23	2449.49	2492.18	2287.73	2291.25	
0.18288	2461.88	2465.15	2507.9	2302.5	2306.04	
0.251624	2485.12	2488.43	2531.25	2324.43	2328	
0.318568	2515.47	2518.82	2561.75	2353.06	2356.66	
0.382923	2552.36	2555.75	2598.81	2387.83	2391.48	
0.444231	2595.12	2598.56	2641.78	2428.12	2431.83	
0.502231	2643.08	2646.57	2689.97	2473.29	2477.06	
0.515478	2655.13	2658.73	2702.17	2484.72	2488.6	
0.459516	2607.02	2610.55	2653.82	2439.41	2443.22	
0.40079	2564.02	2567.5	2610.61	2398.9	2402.66	
0.339854	2526.81	2530.25	2573.22	2363.82	2367.53	
0.277737	2496.03	2499.43	2542.29	2334.8	2338.46	
0.216461	2472.26	2475.63	2518.41	2312.37	2316.01	
0.160574	2455.98	2459.33	2502.06	2297.02	2300.63	
0.121504	2447.56	2450.9	2493.59	2289.07	2292.67	
0.119376	2447.17	2450.51	2493.2	2288.7	2292.3	
0.155781	2454.82	2458.17	2500.89	2295.92	2299.53	
0.210708	2470.35	2473.71	2516.49	2310.57	2314.2	
0.271725	2493.41	2496.81	2539.66	2332.33	2335.99	
0.333872	2523.54	2526.97	2569.93	2360.74	2364.44	
0.394977	2560.16	2563.64	2606.73	2395.26	2399.01	
0.453947	2602.62	2606.15	2649.4	2435.27	2439.08	
0.510192	2650.27	2653.86	2697.28	2480.15	2484.02	
0.53003	2668.87	2672.58	2716.08	2497.76	2501.76	
0.477098	2621.35	2625	2668.32	2453.01	2456.94	
0.422284	2578.91	2582.51	2625.67	2413.03	2416.91	
0.366523	2542.21	2545.76	2588.78	2378.43	2382.26	
0.311436	2511.86	2515.37	2558.29	2349.82	2353.61	
0.259883	2488.44	2491.92	2534.76	2327.73	2331.49	
0.21693	2472.41	2475.88	2518.66	2312.61	2316.35	
0.190662	2464.12	2467.57	2510.32	2304.78	2308.51	
0.189352	2463.73	2467.18	2509.93	2304.42	2308.14	
0.213508	2471.27	2474.73	2517.51	2311.53	2315.26	
0.255245	2486.56	2490.04	2532.87	2325.96	2329.71	
0.306233	2509.28	2512.79	2555.7	2347.39	2351.18	
0.361129	2538.98	2542.53	2585.54	2375.39	2379.22	
0.41691	2575.1	2578.69	2621.84	2409.43	2413.31	
0.471865	2617.01	2620.66	2663.95	2448.92	2452.85	
0.525007	2664.07	2667.77	2711.25	2493.24	2497.23	
0.55035	2688.96	2692.81	2736.39	2516.79	2520.95	
0.501344	2642.28	2646.08	2689.47	2472.84	2476.93	
0.451411	2600.64	2604.38	2647.62	2433.61	2437.65	
0.401744	2564.66	2568.36	2611.46	2399.71	2403.7	
0.354226	2534.94	2538.59	2581.59	2371.69	2375.63	
0.311741	2512.01	2515.64	2558.56	2350.07	2353.98	
0.278439	2496.33	2499.94	2542.8	2335.29	2339.18	
0.259345	2488.22	2491.81	2534.65	2327.64	2331.51	
0.258423	2487.85	2491.44	2534.27	2327.28	2331.16	
0.275889	2495.21	2498.82	2541.68	2334.23	2338.12	
0.30804	2510.17	2513.8	2556.71	2348.34	2352.25	
0.349838	2532.42	2536.07	2579.06	2369.31	2373.25	
0.397015	2561.5	2565.19	2608.28	2396.73	2400.71	
0.446569	2596.9	2600.64	2643.86	2430.09	2434.12	
0.496537	2638.02	2641.81	2685.19	2468.83	2472.91	
0.545672	2684.24	2688.09	2731.64	2512.34	2516.5	
0.575256	2715.06	2719.1	2762.78	2541.5	2545.86	
0.530637	2669.46	2673.43	2716.93	2498.57	2502.86	
0.485935	2628.82	2632.74	2676.08	2460.3	2464.53	
0.442431	2593.75	2597.62	2640.83	2427.26	2431.43	
0.40196	2564.81	2568.64	2611.74	2399.99	2404.12	
0.367014	2542.5	2546.31	2589.33	2378.96	2383.06	
0.340669	2527.26	2531.04	2574.01	2364.58	2368.66	
0.326071	2519.37	2523.15	2566.09	2357.15	2361.22	
0.325376	2519.01	2522.78	2565.72	2356.8	2360.87	
0.338697	2526.17	2529.95	2572.92	2363.56	2367.63	
0.364037	2540.71	2544.51	2587.53	2377.27	2381.37	
0.398291	2562.35	2566.18	2609.27	2397.67	2401.8	
0.438347	2590.67	2594.54	2637.74	2424.36	2428.53	
0.481648	2625.17	2629.09	2672.41	2456.86	2461.09	
0.526298	2665.3	2669.27	2712.74	2494.65	2498.93	
0.570968	2710.45	2714.48	2758.14	2537.16	2541.51	
0.603531	2746.79	2751.05	2794.85	2571.54	2576.14	
0.563405	2702.43	2706.63	2750.26	2529.79	2534.33	
0.523848	2662.97	2667.12	2710.58	2492.64	2497.11	
0.486095	2628.96	2633.05	2676.39	2460.6	2465.02	
0.451772	2600.92	2604.98	2648.21	2434.19	2438.57	
0.422885	2579.34	2583.37	2626.52	2413.86	2418.2	
0.401655	2564.6	2568.61	2611.71	2399.96	2404.29	
0.390124	2556.98	2560.98	2604.05	2392.78	2397.09	
0.389579	2556.63	2560.62	2603.69	2392.45	2396.76	
0.400087	2563.55	2567.56	2610.65	2398.97	2403.29	
0.420461	2577.61	2581.64	2624.78	2412.22	2416.57	
0.448705	2598.55	2602.6	2645.82	2431.95	2436.33	
0.482594	2625.98	2630.07	2673.39	2457.79	2462.21	
0.520093	2659.43	2663.57	2707.03	2489.31	2493.77	
0.559535	2698.39	2702.59	2746.19	2525.99	2530.52	
0.59965	2742.3	2746.56	2790.34	2567.32	2571.91	
0.634053	2783.68	2788.24	2832.19	2606.5	2611.41	
0.598278	2740.72	2745.21	2788.99	2566.07	2570.92	
0.563527	2702.56	2707	2750.62	2530.15	2534.93	
0.530911	2669.72	2674.11	2717.6	2499.22	2503.96	
0.5018	2642.69	2647.04	2690.42	2473.76	2478.45	
0.477759	2621.9	2626.22	2669.53	2454.18	2458.84	
0.460394	2607.72	2612.01	2655.27	2440.82	2445.45	
0.45108	2600.39	2604.67	2647.9	2433.91	2438.53	
0.450643	2600.05	2604.33	2647.56	2433.59	2438.21	
0.459122	2606.7	2611	2654.25	2439.86	2444.49	
0.475762	2620.24	2624.55	2667.85	2452.61	2457.26	
0.499225	2640.4	2644.74	2688.12	2471.61	2476.29	
0.527917	2666.84	2671.23	2714.71	2496.51	2501.24	
0.560257	2699.14	2703.57	2747.18	2526.93	2531.71	
0.594855	2736.81	2741.3	2785.06	2562.39	2567.23	
0.630572	2779.33	2783.88	2827.81	2602.4	2607.31	
0.665862	2825.26	2830.2	2874.33	2645.94	2651.27	
0.634149	2783.8	2788.68	2832.63	2606.93	2612.19	
0.603744	2747.04	2751.85	2795.65	2572.32	2577.52	
0.575608	2715.45	2720.21	2763.88	2542.58	2547.73	
0.550863	2689.48	2694.2	2737.77	2518.13	2523.23	
0.530717	2669.53	2674.23	2717.71	2499.35	2504.42	
0.516345	2655.93	2660.61	2704.04	2486.54	2491.58	
0.508702	2648.91	2653.57	2696.98	2479.93	2484.96	
0.508344	2648.59	2653.25	2696.65	2479.62	2484.65	
0.515299	2654.96	2659.64	2703.07	2485.63	2490.67	
0.529057	2667.94	2672.63	2716.11	2497.85	2502.91	
0.548693	2687.28	2692	2735.56	2516.06	2521.16	
0.573046	2712.68	2717.44	2761.1	2539.98	2545.12	
0.600905	2743.75	2748.56	2792.34	2569.23	2574.42	
0.631135	2780.03	2784.9	2828.83	2603.38	2608.63	
0.662759	2821.06	2825.99	2870.1	2641.98	2647.31	
