# Wed Mar 19 11:32:08 2025
# Output created from within /home/haue/repositories/Masters/setup with the following command
# TDZ -dU2,P2 -i22.4 --ft=70.0 
# Setup: setup.json
# Target: target.json
# Telescope Tabulation for p implanted 22.4 nm into [-Carbon-] target of thickness 142.033 nm and traversing U2:P2 telescope.
# Properties of U2:	threshold= 100 keV	fdlF=      0.1 um	ft=         70 um	fdlB=       0.5 um.
# Properties of P2:	threshold= 100 keV	bdlF=       0.5 um	bt=         500 um.
# v	Edep_max	Eparticle_dz_lower	Eparticle_dz_upper	Edep_dz_lower	Eparticle_spurious_lower
0.656457	2943.12	2956.99	2999.59	2772.02	2786.93	
0.624301	2900.32	2914.01	2956.44	2731.53	2746.25	
0.593439	2862.38	2875.91	2918.2	2695.63	2710.18	
0.564846	2829.78	2843.17	2885.34	2664.78	2679.18	
0.539665	2802.99	2816.27	2858.34	2639.42	2653.7	
0.519137	2782.42	2795.61	2837.61	2619.94	2634.13	
0.504475	2768.39	2781.52	2823.47	2606.66	2620.78	
0.496673	2761.15	2774.25	2816.17	2599.8	2613.89	
0.496307	2760.81	2773.91	2815.83	2599.48	2613.57	
0.503407	2767.39	2780.52	2822.46	2605.71	2619.83	
0.517444	2780.77	2793.95	2835.95	2618.38	2632.56	
0.537455	2800.72	2813.99	2856.05	2637.27	2651.54	
0.562241	2826.93	2840.31	2882.46	2662.08	2676.47	
0.590556	2858.98	2872.49	2914.77	2692.42	2706.95	
0.621244	2896.43	2910.1	2952.52	2727.85	2742.55	
0.653312	2938.78	2952.63	2995.21	2767.91	2782.81	
0.624866	2901.04	2913.21	2955.67	2730.71	2743.8	
0.588639	2856.74	2868.74	2911.03	2688.81	2701.72	
0.553406	2817.39	2829.25	2871.39	2651.59	2664.34	
0.520288	2783.54	2795.27	2837.29	2619.56	2632.17	
0.490678	2755.68	2767.31	2809.23	2593.19	2605.69	
0.46618	2734.27	2745.81	2787.65	2572.91	2585.33	
0.448456	2719.65	2731.14	2772.93	2559.07	2571.43	
0.438938	2712.1	2723.56	2765.33	2551.92	2564.25	
0.438491	2711.75	2723.21	2764.97	2551.59	2563.92	
0.447157	2718.61	2730.09	2771.88	2558.08	2570.44	
0.464143	2732.55	2744.08	2785.92	2571.28	2583.69	
0.488057	2753.32	2764.94	2806.85	2590.95	2603.45	
0.517245	2780.58	2792.29	2834.3	2616.75	2629.35	
0.550088	2813.87	2825.71	2867.84	2648.25	2660.99	
0.58517	2852.7	2864.69	2906.96	2684.99	2697.89	
0.621342	2896.55	2908.7	2951.14	2726.46	2739.54	
0.594696	2863.87	2874.75	2917.08	2694.42	2706.13	
0.554129	2818.17	2828.89	2871.05	2651.2	2662.75	
0.514083	2777.52	2788.11	2830.12	2612.75	2624.15	
0.475793	2742.5	2752.97	2794.86	2579.62	2590.89	
0.440904	2713.64	2724.02	2765.8	2552.3	2563.47	
0.411466	2691.43	2701.73	2743.44	2531.28	2542.36	
0.389776	2676.26	2686.51	2728.17	2516.91	2527.94	
0.377971	2668.42	2678.64	2720.28	2509.49	2520.49	
0.377414	2668.06	2678.28	2719.91	2509.15	2520.14	
0.388172	2675.18	2685.42	2727.08	2515.89	2526.91	
0.408991	2689.65	2699.94	2741.65	2529.59	2540.67	
0.437781	2711.19	2721.56	2763.34	2549.99	2561.14	
0.472238	2739.43	2749.89	2791.77	2576.71	2587.97	
0.510277	2773.88	2784.46	2826.45	2609.31	2620.69	
0.550214	2814	2824.72	2866.86	2647.27	2658.8	
0.590774	2859.24	2870.11	2912.41	2690.04	2701.74	
0.566926	2832.07	2841.96	2884.18	2663.48	2674.12	
0.521908	2785.13	2794.87	2836.92	2619.09	2629.57	
0.476739	2743.32	2752.93	2794.83	2579.54	2589.88	
0.432688	2707.25	2716.75	2758.52	2545.41	2555.63	
0.39159	2677.49	2686.9	2728.57	2517.24	2527.37	
0.355975	2654.57	2663.9	2705.5	2495.54	2505.58	
0.329019	2638.9	2648.18	2689.73	2480.7	2490.7	
0.314032	2630.8	2640.06	2681.58	2473.03	2482.99	
0.313318	2630.42	2639.68	2681.2	2472.67	2482.64	
0.326997	2637.78	2647.06	2688.61	2479.64	2489.63	
0.352933	2652.73	2662.06	2703.65	2493.8	2503.84	
0.387857	2674.97	2684.36	2726.03	2514.85	2524.97	
0.428547	2704.09	2713.57	2755.34	2542.41	2552.62	
0.472403	2739.57	2749.17	2791.05	2575.99	2586.32	
0.517527	2780.85	2790.58	2832.61	2615.04	2625.51	
0.562602	2827.32	2837.19	2879.39	2658.98	2669.61	
0.542686	2806.11	2815.21	2857.34	2638.23	2648.02	
0.493365	2758.12	2767.08	2809.04	2592.85	2602.49	
0.443038	2715.33	2724.16	2765.97	2552.37	2561.87	
0.392866	2678.36	2687.09	2728.77	2517.39	2526.78	
0.344696	2647.84	2656.47	2698.06	2488.5	2497.8	
0.301413	2624.3	2632.87	2674.38	2466.22	2475.44	
0.267268	2608.21	2616.73	2658.19	2450.97	2460.15	
0.24757	2599.88	2608.38	2649.81	2443.09	2452.23	
0.246616	2599.5	2607.99	2649.42	2442.72	2451.87	
0.264644	2607.06	2615.58	2657.03	2449.89	2459.05	
0.297629	2622.41	2630.98	2672.48	2464.43	2473.64	
0.340237	2645.25	2653.88	2695.45	2486.05	2495.33	
0.38808	2675.12	2683.83	2725.51	2514.32	2523.7	
0.438153	2711.49	2720.3	2762.1	2548.73	2558.23	
0.488524	2753.74	2762.69	2804.63	2588.71	2598.33	
0.53798	2801.26	2810.34	2852.45	2633.64	2643.42	
0.523186	2786.39	2794.84	2836.91	2619	2628.1	
0.470074	2737.58	2745.9	2787.79	2572.85	2581.81	
0.415012	2694.01	2702.21	2743.95	2531.64	2540.47	
0.35888	2656.34	2664.44	2706.06	2496	2504.72	
0.303219	2625.21	2633.23	2674.75	2466.53	2475.16	
0.250795	2601.2	2609.15	2650.6	2443.79	2452.35	
0.206674	2584.76	2592.67	2634.07	2428.23	2436.75	
0.179349	2576.26	2584.14	2625.51	2420.18	2428.67	
0.177976	2575.87	2583.75	2625.12	2419.8	2428.29	
0.203132	2583.59	2591.5	2632.89	2427.12	2435.63	
0.246055	2599.27	2607.22	2648.66	2441.97	2450.52	
0.297945	2622.57	2630.58	2672.09	2464.03	2472.65	
0.35344	2653.03	2661.13	2702.74	2492.87	2501.58	
0.409608	2690.09	2698.29	2740.02	2527.93	2536.75	
0.46482	2733.12	2741.43	2783.31	2568.63	2577.58	
0.518147	2781.45	2789.89	2831.94	2614.34	2623.43	
0.509577	2773.21	2781.14	2823.17	2606.06	2614.61	
0.453624	2723.84	2731.64	2773.49	2559.38	2567.79	
0.394877	2679.74	2687.43	2729.14	2517.67	2525.96	
0.333836	2641.6	2649.19	2690.77	2481.58	2489.76	
0.271429	2610.06	2617.57	2659.05	2451.73	2459.82	
0.209476	2585.71	2593.16	2634.57	2428.67	2436.7	
0.152191	2569.04	2576.45	2617.81	2412.89	2420.87	
0.111041	2560.42	2567.81	2609.13	2404.72	2412.68	
0.108749	2560.02	2567.41	2608.73	2404.34	2412.3	
0.147213	2567.85	2575.26	2616.61	2411.77	2419.74	
0.203625	2583.75	2591.2	2632.6	2426.82	2434.84	
0.265372	2607.38	2614.88	2656.36	2449.19	2457.27	
0.327837	2638.25	2645.83	2687.4	2478.41	2486.58	
0.389059	2675.78	2683.46	2725.15	2513.92	2522.2	
0.448055	2719.33	2727.12	2768.96	2555.12	2563.51	
0.504293	2768.22	2776.14	2818.15	2601.35	2609.87	
0.502777	2766.8	2774.31	2816.31	2599.6	2607.68	
0.445337	2717.15	2724.54	2766.37	2552.66	2560.61	
0.384612	2672.8	2680.07	2721.76	2510.71	2518.54	
0.320824	2634.42	2641.6	2683.16	2474.39	2482.13	
0.254356	2602.67	2609.78	2651.24	2444.35	2452	
0.185822	2578.16	2585.21	2626.59	2421.14	2428.73	
0.116383	2561.38	2568.39	2609.72	2405.26	2412.8	
0.0507121	2552.69	2559.68	2600.99	2397.03	2404.55	
0.0454021	2552.29	2559.28	2600.59	2396.65	2404.17	
0.109705	2560.18	2567.19	2608.52	2404.12	2411.66	
0.179115	2576.19	2583.23	2624.61	2419.28	2426.86	
0.247801	2599.97	2607.07	2648.53	2441.8	2449.44	
0.314501	2631.04	2638.22	2679.77	2471.2	2478.93	
0.378568	2668.81	2676.08	2717.75	2506.94	2514.76	
0.439602	2712.62	2719.99	2761.81	2548.37	2556.31	
0.497366	2761.79	2769.28	2811.26	2594.86	2602.92	
0.503282	2767.27	2774.42	2816.44	2599.69	2607.39	
0.445955	2717.65	2724.68	2766.52	2552.78	2560.36	
0.385379	2673.31	2680.24	2721.93	2510.85	2518.32	
0.321803	2634.95	2641.79	2683.36	2474.56	2481.93	
0.255656	2603.22	2609.99	2651.45	2444.53	2451.82	
0.187672	2578.72	2585.43	2626.82	2421.34	2428.57	
0.119398	2561.95	2568.62	2609.96	2405.46	2412.65	
0.0573847	2553.26	2559.92	2601.24	2397.24	2404.41	
0.0527554	2552.86	2559.52	2600.83	2396.86	2404.03	
0.112905	2560.75	2567.42	2608.76	2404.33	2411.52	
0.18104	2576.75	2583.46	2624.85	2419.48	2426.7	
0.249142	2600.52	2607.28	2648.74	2441.98	2449.26	
0.315505	2631.58	2638.41	2679.97	2471.37	2478.73	
0.379353	2669.32	2676.25	2717.93	2507.08	2514.54	
0.440232	2713.11	2720.14	2761.96	2548.49	2556.06	
0.49788	2762.26	2769.4	2811.39	2594.95	2602.64	
0.511054	2774.62	2781.48	2823.52	2606.33	2613.71	
0.455418	2725.31	2732.05	2773.92	2559.72	2566.99	
0.397088	2681.27	2687.92	2729.64	2518.08	2525.25	
0.336617	2643.17	2649.74	2691.34	2482.05	2489.12	
0.275023	2611.68	2618.17	2659.67	2452.25	2459.25	
0.214302	2587.37	2593.81	2635.23	2429.24	2436.18	
0.15895	2570.73	2577.13	2618.5	2413.49	2420.39	
0.120266	2562.11	2568.5	2609.85	2405.34	2412.22	
0.118159	2561.71	2568.1	2609.44	2404.96	2411.84	
0.154204	2569.54	2575.94	2617.31	2412.37	2419.26	
0.208603	2585.41	2591.85	2633.27	2427.39	2434.33	
0.269063	2609	2615.49	2656.98	2449.72	2456.71	
0.330683	2639.83	2646.39	2687.97	2478.89	2485.95	
0.391318	2677.31	2683.95	2725.66	2514.34	2521.49	
0.449885	2720.8	2727.54	2769.39	2555.46	2562.72	
0.505798	2769.63	2776.48	2818.5	2601.62	2608.99	
0.525531	2788.71	2795.33	2837.42	2619.37	2626.5	
0.472893	2739.99	2746.51	2788.43	2573.34	2580.35	
0.418432	2696.52	2702.94	2744.71	2532.24	2539.16	
0.363077	2658.93	2665.28	2706.93	2496.7	2503.53	
0.308433	2627.88	2634.15	2675.7	2467.33	2474.08	
0.257326	2603.92	2610.14	2651.62	2444.65	2451.36	
0.214767	2587.53	2593.72	2635.14	2429.14	2435.81	
0.188747	2579.04	2585.21	2626.61	2421.11	2427.76	
0.18745	2578.65	2584.82	2626.22	2420.74	2427.39	
0.211376	2586.36	2592.54	2633.96	2428.03	2434.7	
0.25273	2602	2608.22	2649.68	2442.83	2449.53	
0.303273	2625.24	2631.51	2673.05	2464.83	2471.58	
0.357724	2655.63	2661.97	2703.61	2493.58	2500.4	
0.413095	2692.61	2699.02	2740.78	2528.55	2535.46	
0.467691	2735.55	2742.05	2783.96	2569.14	2576.14	
0.520534	2783.78	2790.39	2832.47	2614.72	2621.83	
0.545752	2809.31	2815.73	2857.9	2638.59	2645.51	
0.496998	2761.45	2767.77	2809.77	2593.38	2600.19	
0.447365	2718.77	2725.01	2766.86	2553.05	2559.76	
0.398036	2681.92	2688.08	2729.81	2518.21	2524.84	
0.350875	2651.49	2657.59	2699.22	2489.44	2496	
0.308735	2628.04	2634.08	2675.63	2467.25	2473.76	
0.275718	2611.99	2618.01	2659.51	2452.07	2458.55	
0.256793	2603.69	2609.69	2651.17	2444.22	2450.68	
0.255879	2603.31	2609.31	2650.78	2443.85	2450.31	
0.273191	2610.85	2616.86	2658.36	2450.99	2457.46	
0.305065	2626.15	2632.19	2673.74	2465.47	2471.97	
0.346522	2648.91	2655	2696.62	2487	2493.55	
0.39334	2678.69	2684.84	2726.56	2515.15	2521.78	
0.442554	2714.94	2721.17	2763.01	2549.43	2556.13	
0.492218	2757.08	2763.39	2805.38	2589.25	2596.05	
0.541095	2804.47	2810.88	2853.03	2634.02	2640.92	
0.570545	2836.09	2842.35	2884.62	2663.67	2670.41	
0.526135	2789.31	2795.47	2837.57	2619.49	2626.13	
0.481677	2747.65	2753.73	2795.68	2580.13	2586.68	
0.438443	2711.71	2717.72	2759.55	2546.17	2552.64	
0.39825	2682.07	2688.02	2729.75	2518.15	2524.56	
0.363564	2659.24	2665.14	2706.8	2496.56	2502.92	
0.337426	2643.63	2649.51	2691.11	2481.8	2488.13	
0.322946	2635.57	2641.42	2683	2474.17	2480.48	
0.322257	2635.19	2641.05	2682.63	2473.82	2480.12	
0.335469	2642.52	2648.39	2689.99	2480.75	2487.07	
0.360609	2657.41	2663.31	2704.96	2494.83	2501.18	
0.394608	2679.56	2685.5	2727.22	2515.77	2522.17	
0.434386	2708.56	2714.56	2756.38	2543.19	2549.65	
0.477415	2743.91	2749.98	2791.92	2576.6	2583.14	
0.521817	2785.04	2791.2	2833.28	2615.46	2622.09	
0.566276	2831.35	2837.6	2879.86	2659.2	2665.93	
0.598708	2868.65	2874.77	2917.17	2694.21	2700.81	
0.558746	2823.13	2829.17	2871.39	2651.24	2657.74	
0.519381	2782.66	2788.61	2830.69	2613.01	2619.43	
0.481836	2747.79	2753.68	2795.64	2580.07	2586.42	
0.447724	2719.06	2724.9	2766.75	2552.93	2559.21	
0.419029	2696.96	2702.75	2744.53	2532.04	2538.27	
0.397948	2681.86	2687.62	2729.36	2517.77	2523.97	
0.3865	2674.06	2679.81	2721.51	2510.39	2516.58	
0.38596	2673.7	2679.44	2721.15	2510.05	2516.24	
0.396391	2680.78	2686.55	2728.27	2516.75	2522.95	
0.416621	2695.18	2700.97	2742.75	2530.36	2536.59	
0.444676	2716.63	2722.46	2764.31	2550.63	2556.91	
0.478356	2744.73	2750.62	2792.56	2577.19	2583.52	
0.515645	2779.03	2784.98	2827.04	2609.59	2616	
0.554893	2818.98	2825.01	2867.22	2647.32	2653.82	
0.594841	2864.04	2870.15	2912.53	2689.86	2696.45	
0.629126	2906.52	2912.54	2955.08	2729.79	2736.27	
0.593475	2862.42	2868.35	2910.73	2688.16	2694.55	
0.558868	2823.26	2829.12	2871.35	2651.19	2657.5	
0.526408	2789.58	2795.38	2837.48	2619.38	2625.63	
0.497451	2761.86	2767.61	2809.62	2593.2	2599.39	
0.473549	2740.56	2746.26	2788.2	2573.07	2579.22	
0.456291	2726.02	2731.7	2773.58	2559.34	2565.45	
0.447036	2718.51	2724.18	2766.03	2552.24	2558.34	
0.446602	2718.16	2723.83	2765.68	2551.91	2558.01	
0.455027	2724.98	2730.66	2772.54	2558.36	2564.47	
0.471564	2738.85	2744.55	2786.48	2571.46	2577.6	
0.494891	2759.52	2765.26	2807.26	2590.98	2597.17	
0.523429	2786.63	2792.42	2834.52	2616.6	2622.83	
0.555613	2819.75	2825.61	2867.82	2647.88	2654.19	
0.590064	2858.4	2864.33	2906.69	2684.37	2690.75	
0.625655	2902.05	2908.06	2950.59	2725.57	2732.04	
0.660845	2949.23	2955.16	2997.88	2769.93	2776.31	
0.629221	2906.65	2912.5	2955.05	2729.74	2736.05	
0.59892	2868.9	2874.69	2917.09	2694.12	2700.35	
0.570896	2836.48	2842.21	2884.49	2663.51	2669.68	
0.546262	2809.84	2815.52	2857.7	2638.36	2644.48	
0.526215	2789.39	2795.03	2837.13	2619.05	2625.12	
0.511917	2775.44	2781.06	2823.11	2605.87	2611.92	
0.504315	2768.24	2773.84	2815.87	2599.07	2605.11	
0.50396	2767.91	2773.51	2815.54	2598.76	2604.79	
0.510876	2774.45	2780.06	2822.11	2604.94	2610.98	
0.524562	2787.75	2793.39	2835.49	2617.5	2623.57	
0.544102	2807.59	2813.26	2855.43	2636.23	2642.34	
0.568345	2833.64	2839.36	2881.63	2660.84	2667	
0.596092	2865.52	2871.3	2913.69	2690.93	2697.16	
0.626217	2902.77	2908.62	2951.15	2726.09	2732.39	
0.65775	2944.91	2950.84	2993.53	2765.85	2772.23	
