# Mon Jun 16 11:22:55 2025
# Output created from within /home/haue/repositories/Masters/setup with the following command
# TDZ -dU2,P2 -i17 --ft=70.0 
# Setup: setup.json
# Target: target.json
# Telescope Tabulation for p implanted 17 nm into [-Carbon-] target of thickness 142.033 nm and traversing U2:P2 telescope.
# Properties of U2:	threshold= 100 keV	fdlF=      0.1 um	ft=         70 um	fdlB=       0.5 um.
# Properties of P2:	threshold= 100 keV	bdlF=       0.5 um	bt=         500 um.
# v	Edep_max	Eparticle_dz_lower	Eparticle_dz_upper	Edep_dz_lower	Eparticle_spurious_lower
0.653397	2938.9	2953.13	2995.71	2768.4	2783.7	
0.621094	2896.24	2910.28	2952.7	2728.04	2743.14	
0.590079	2858.42	2872.3	2914.58	2692.26	2707.18	
0.561332	2825.94	2839.68	2881.83	2661.51	2676.28	
0.536004	2799.24	2812.87	2854.92	2636.23	2650.88	
0.515347	2778.74	2792.28	2834.26	2616.82	2631.37	
0.500587	2764.76	2778.24	2820.17	2603.58	2618.07	
0.492729	2757.54	2770.99	2812.89	2596.74	2611.2	
0.492361	2757.21	2770.65	2812.56	2596.43	2610.88	
0.499511	2763.77	2777.24	2819.16	2602.63	2617.12	
0.513642	2777.1	2790.63	2832.6	2615.26	2629.81	
0.53378	2796.98	2810.6	2852.64	2634.09	2648.73	
0.558712	2823.09	2836.82	2878.96	2658.81	2673.57	
0.587181	2855.04	2868.9	2911.16	2689.05	2703.96	
0.618022	2892.36	2906.39	2948.79	2724.37	2739.46	
0.650238	2934.57	2948.78	2991.35	2764.31	2779.59	
0.621882	2897.24	2909.73	2952.17	2727.45	2740.9	
0.585505	2853.09	2865.42	2907.69	2685.7	2698.96	
0.550111	2813.89	2826.07	2868.19	2648.61	2661.7	
0.516824	2780.17	2792.21	2834.22	2616.69	2629.65	
0.487045	2752.42	2764.36	2806.26	2590.42	2603.26	
0.462393	2731.08	2742.94	2784.77	2570.22	2582.97	
0.444546	2716.52	2728.32	2770.1	2556.43	2569.12	
0.434959	2709	2720.77	2762.53	2549.31	2561.97	
0.434508	2708.65	2720.42	2762.18	2548.98	2561.64	
0.443238	2715.49	2727.28	2769.06	2555.45	2568.14	
0.460343	2729.37	2741.22	2783.05	2568.6	2581.34	
0.484408	2750.07	2761.99	2803.89	2588.19	2601.02	
0.513765	2777.21	2789.25	2831.24	2613.89	2626.84	
0.546777	2810.38	2822.54	2864.65	2645.28	2658.37	
0.582021	2849.07	2861.39	2903.64	2681.89	2695.14	
0.618344	2892.76	2905.24	2947.66	2723.22	2736.65	
0.591834	2860.48	2871.67	2913.98	2691.53	2703.57	
0.551121	2814.96	2825.99	2868.13	2648.48	2660.34	
0.510911	2774.48	2785.36	2827.36	2610.18	2621.89	
0.47244	2739.6	2750.36	2792.24	2577.17	2588.75	
0.43736	2710.87	2721.53	2763.3	2549.97	2561.44	
0.407734	2688.75	2699.33	2741.03	2529.03	2540.42	
0.385887	2673.65	2684.18	2725.83	2514.73	2526.06	
0.373989	2665.84	2676.34	2717.97	2507.33	2518.64	
0.373427	2665.48	2675.98	2717.6	2506.99	2518.29	
0.38427	2672.57	2683.1	2724.74	2513.71	2525.04	
0.405242	2686.98	2697.55	2739.25	2527.35	2538.73	
0.434218	2708.43	2719.08	2760.85	2547.66	2559.13	
0.468867	2736.55	2747.3	2789.16	2574.28	2585.85	
0.507089	2770.85	2781.72	2823.7	2606.74	2618.44	
0.547191	2810.82	2821.83	2863.95	2644.55	2656.4	
0.587899	2855.87	2867.04	2909.33	2687.17	2699.19	
0.564236	2829.11	2839.27	2881.48	2660.96	2671.89	
0.519086	2782.37	2792.38	2834.41	2616.75	2627.53	
0.473762	2740.74	2750.62	2792.51	2577.37	2588	
0.429527	2704.83	2714.59	2756.36	2543.39	2553.9	
0.388218	2675.21	2684.88	2726.54	2515.35	2525.75	
0.352375	2652.39	2661.99	2703.58	2493.74	2504.07	
0.325208	2636.8	2646.34	2687.88	2478.98	2489.25	
0.310087	2628.74	2638.25	2679.77	2471.34	2481.58	
0.309366	2628.36	2637.88	2679.39	2470.99	2481.23	
0.323168	2635.69	2645.23	2686.76	2477.92	2488.19	
0.349311	2650.56	2660.15	2701.74	2492.01	2502.33	
0.384463	2672.7	2682.36	2724.01	2512.97	2523.37	
0.425367	2701.68	2711.43	2753.19	2540.41	2550.9	
0.469409	2737.01	2746.87	2788.75	2573.84	2584.46	
0.514691	2778.11	2788.1	2830.12	2612.72	2623.48	
0.559901	2824.38	2834.53	2876.71	2656.48	2667.41	
0.540222	2803.57	2812.91	2855.03	2636.08	2646.14	
0.490797	2755.79	2765	2806.95	2590.9	2600.81	
0.440341	2713.2	2722.28	2764.08	2550.61	2560.38	
0.39	2676.41	2685.38	2727.06	2515.79	2525.45	
0.341611	2646.04	2654.92	2696.5	2487.04	2496.6	
0.298056	2622.63	2631.43	2672.94	2464.87	2474.35	
0.263621	2606.61	2615.37	2656.83	2449.71	2459.14	
0.243711	2598.33	2607.07	2648.49	2441.86	2451.26	
0.242746	2597.95	2606.68	2648.11	2441.5	2450.9	
0.260971	2605.47	2614.23	2655.68	2448.62	2458.05	
0.294245	2620.75	2629.55	2671.05	2463.09	2472.57	
0.337128	2643.46	2652.34	2693.91	2484.6	2494.15	
0.385195	2673.19	2682.14	2723.81	2512.74	2522.38	
0.435441	2709.38	2718.44	2760.23	2546.99	2556.75	
0.485945	2751.43	2760.63	2802.56	2586.78	2596.67	
0.535506	2798.73	2808.07	2850.17	2631.51	2641.56	
0.520997	2784.24	2792.93	2834.98	2617.21	2626.56	
0.467829	2735.66	2744.22	2786.1	2571.27	2580.48	
0.412687	2692.31	2700.75	2742.48	2530.27	2539.35	
0.356433	2654.85	2663.18	2704.79	2494.81	2503.78	
0.300582	2623.89	2632.13	2673.64	2465.5	2474.38	
0.247866	2600	2608.18	2649.62	2442.88	2451.69	
0.203343	2583.66	2591.79	2633.18	2427.41	2436.16	
0.175644	2575.2	2583.31	2624.67	2419.4	2428.13	
0.174249	2574.81	2582.92	2624.28	2419.03	2427.76	
0.199759	2582.49	2590.62	2632.01	2426.3	2435.05	
0.243091	2598.08	2606.25	2647.69	2441.07	2449.87	
0.295285	2621.26	2629.49	2671	2463.01	2471.88	
0.350979	2651.56	2659.88	2701.48	2491.7	2500.65	
0.407273	2688.42	2696.84	2738.57	2526.58	2535.65	
0.462568	2731.23	2739.77	2781.64	2567.08	2576.28	
0.515954	2779.33	2788	2830.04	2612.56	2621.91	
0.507704	2771.43	2779.59	2821.6	2604.61	2613.38	
0.451758	2722.32	2730.34	2772.19	2558.16	2566.8	
0.393008	2678.46	2686.37	2728.06	2516.68	2525.19	
0.331938	2640.53	2648.34	2689.91	2480.78	2489.19	
0.269441	2609.17	2616.9	2658.37	2451.1	2459.42	
0.207272	2584.97	2592.63	2634.03	2428.18	2436.43	
0.149519	2568.4	2576.02	2617.37	2412.49	2420.7	
0.107632	2559.83	2567.42	2608.75	2404.37	2412.55	
0.105279	2559.43	2567.02	2608.35	2403.99	2412.17	
0.144478	2567.22	2574.83	2616.18	2411.37	2419.57	
0.201389	2583.02	2590.68	2632.07	2426.34	2434.58	
0.26337	2606.51	2614.22	2655.69	2448.57	2456.89	
0.325933	2637.2	2645	2686.56	2477.63	2486.03	
0.387189	2674.52	2682.42	2724.1	2512.95	2521.45	
0.446189	2717.83	2725.85	2767.67	2553.92	2562.55	
0.502421	2766.47	2774.61	2816.61	2599.91	2608.68	
0.501242	2765.37	2773.08	2815.08	2598.45	2606.76	
0.443883	2716	2723.58	2765.41	2551.77	2559.94	
0.383252	2671.89	2679.37	2721.05	2510.06	2518.11	
0.319567	2633.74	2641.12	2682.68	2473.95	2481.9	
0.253196	2602.19	2609.49	2650.95	2444.09	2451.95	
0.184716	2577.83	2585.07	2626.46	2421.03	2428.83	
0.115169	2561.16	2568.36	2609.69	2405.24	2412.99	
0.0485738	2552.53	2559.71	2601.02	2397.06	2404.8	
0.043038	2552.13	2559.31	2600.61	2396.68	2404.42	
0.108459	2559.97	2567.17	2608.5	2404.11	2411.86	
0.178008	2575.88	2583.11	2624.49	2419.18	2426.97	
0.246649	2599.51	2606.81	2648.25	2441.55	2449.41	
0.313254	2630.39	2637.76	2679.31	2470.78	2478.72	
0.377218	2667.93	2675.4	2717.07	2506.31	2514.35	
0.438156	2711.49	2719.06	2760.88	2547.51	2555.67	
0.495838	2760.38	2768.08	2810.06	2593.74	2602.03	
0.502082	2766.15	2773.5	2815.5	2598.83	2606.74	
0.444909	2716.81	2724.04	2765.88	2552.19	2559.97	
0.384528	2672.74	2679.87	2721.55	2510.51	2518.18	
0.321194	2634.62	2641.65	2683.21	2474.44	2482.01	
0.255356	2603.09	2610.05	2651.51	2444.6	2452.09	
0.187788	2578.75	2585.65	2627.04	2421.56	2428.99	
0.120169	2562.09	2568.96	2610.29	2405.79	2413.18	
0.0596114	2553.47	2560.31	2601.62	2397.62	2404.99	
0.0552013	2553.07	2559.91	2601.22	2397.24	2404.61	
0.113766	2560.9	2567.76	2609.1	2404.66	2412.04	
0.181204	2576.8	2583.69	2625.08	2419.71	2427.13	
0.248876	2600.41	2607.36	2648.82	2442.06	2449.55	
0.314923	2631.27	2638.29	2679.85	2471.27	2478.83	
0.378522	2668.78	2675.9	2717.57	2506.76	2514.42	
0.439203	2712.31	2719.52	2761.34	2547.92	2555.7	
0.496694	2761.17	2768.5	2810.49	2594.12	2602.02	
0.510162	2773.77	2780.81	2822.85	2605.71	2613.3	
0.454742	2724.75	2731.68	2773.55	2559.38	2566.85	
0.396684	2680.99	2687.82	2729.54	2518	2525.36	
0.336559	2643.14	2649.89	2691.48	2482.2	2489.46	
0.275412	2611.85	2618.53	2660.02	2452.59	2459.78	
0.215287	2587.71	2594.33	2635.75	2429.74	2436.87	
0.160743	2571.18	2577.77	2619.14	2414.1	2421.19	
0.122953	2562.63	2569.2	2610.54	2406	2413.07	
0.120909	2562.24	2568.8	2610.14	2405.63	2412.69	
0.156087	2570	2576.59	2617.95	2412.98	2420.07	
0.209656	2585.77	2592.39	2633.8	2427.9	2435.03	
0.269502	2609.2	2615.87	2657.35	2450.08	2457.26	
0.330663	2639.82	2646.56	2688.14	2479.05	2486.31	
0.390944	2677.05	2683.88	2725.58	2514.28	2521.63	
0.449232	2720.28	2727.2	2769.05	2555.15	2562.6	
0.504924	2768.81	2775.85	2817.86	2601.03	2608.6	
0.524899	2788.08	2794.88	2836.97	2618.96	2626.27	
0.472516	2739.67	2746.36	2788.28	2573.21	2580.41	
0.418372	2696.47	2703.07	2744.84	2532.37	2539.47	
0.363409	2659.14	2665.65	2707.3	2497.07	2504.08	
0.309247	2628.3	2634.74	2676.29	2467.89	2474.83	
0.258717	2604.51	2610.9	2652.38	2445.38	2452.26	
0.216788	2588.23	2594.59	2636.02	2429.98	2436.82	
0.191258	2579.81	2586.15	2627.55	2422	2428.83	
0.189988	2579.42	2585.76	2627.16	2421.64	2428.46	
0.213455	2587.07	2593.43	2634.85	2428.88	2435.72	
0.25418	2602.6	2608.99	2650.46	2443.57	2450.45	
0.304138	2625.68	2632.12	2673.66	2465.41	2472.35	
0.358099	2655.86	2662.37	2704.01	2493.97	2500.97	
0.41307	2692.59	2699.18	2740.94	2528.7	2535.8	
0.467342	2735.25	2741.93	2783.83	2569.03	2576.22	
0.519924	2783.19	2789.97	2832.04	2614.33	2621.64	
0.545322	2808.86	2815.45	2857.62	2638.34	2645.43	
0.496841	2761.3	2767.79	2809.79	2593.41	2600.4	
0.447535	2718.91	2725.31	2767.16	2553.34	2560.24	
0.398596	2682.31	2688.63	2730.36	2518.74	2525.55	
0.351882	2652.1	2658.36	2699.98	2490.17	2496.91	
0.310225	2628.81	2635.02	2676.57	2468.14	2474.82	
0.277662	2612.88	2619.06	2660.56	2453.07	2459.72	
0.259038	2604.64	2610.8	2652.28	2445.28	2451.91	
0.258139	2604.26	2610.42	2651.9	2444.91	2451.55	
0.275174	2611.75	2617.92	2659.42	2451.99	2458.64	
0.306602	2626.94	2633.14	2674.69	2466.37	2473.05	
0.347574	2649.53	2655.79	2697.41	2487.74	2494.48	
0.393941	2679.1	2685.41	2727.13	2515.7	2522.51	
0.44276	2715.11	2721.5	2763.33	2549.75	2556.63	
0.49209	2756.96	2763.44	2805.42	2589.31	2596.29	
0.54069	2804.05	2810.63	2852.78	2633.79	2640.88	
0.570259	2835.77	2842.19	2884.46	2663.53	2670.45	
0.526118	2789.29	2795.62	2837.71	2619.63	2626.44	
0.481975	2747.91	2754.15	2796.1	2580.54	2587.26	
0.439098	2712.22	2718.39	2760.22	2546.81	2553.45	
0.399291	2682.79	2688.9	2730.63	2518.99	2525.56	
0.36499	2660.13	2666.19	2707.85	2497.55	2504.08	
0.339182	2644.64	2650.67	2692.28	2482.91	2489.4	
0.324902	2636.63	2642.65	2684.23	2475.33	2481.81	
0.324224	2636.26	2642.27	2683.85	2474.98	2481.45	
0.337252	2643.54	2649.56	2691.17	2481.86	2488.35	
0.362071	2658.31	2664.37	2706.02	2495.83	2502.36	
0.395687	2680.3	2686.4	2728.12	2516.63	2523.2	
0.435077	2709.09	2715.26	2757.07	2543.85	2550.48	
0.477746	2744.2	2750.43	2792.37	2577.03	2583.74	
0.521829	2785.05	2791.37	2833.45	2615.63	2622.43	
0.566014	2831.07	2837.48	2879.73	2659.09	2665.99	
0.598511	2868.41	2874.69	2917.09	2694.15	2700.91	
0.558803	2823.19	2829.38	2871.61	2651.45	2658.12	
0.519725	2782.99	2789.1	2831.18	2613.48	2620.07	
0.482493	2748.37	2754.41	2796.37	2580.77	2587.28	
0.448702	2719.85	2725.84	2767.69	2553.82	2560.27	
0.42031	2697.9	2703.85	2745.63	2533.08	2539.48	
0.399474	2682.92	2688.84	2730.57	2518.92	2525.29	
0.388168	2675.18	2681.08	2722.79	2511.59	2517.95	
0.387634	2674.82	2680.72	2722.42	2511.25	2517.61	
0.397936	2681.85	2687.77	2729.5	2517.9	2524.27	
0.417929	2696.14	2702.09	2743.86	2531.42	2537.81	
0.445684	2717.43	2723.41	2765.26	2551.54	2557.98	
0.479043	2745.33	2751.37	2793.32	2577.9	2584.41	
0.516019	2779.39	2785.49	2827.56	2610.08	2616.66	
0.554977	2819.07	2825.26	2867.47	2647.56	2654.22	
0.594668	2863.83	2870.1	2912.48	2689.83	2696.58	
0.628974	2906.33	2912.5	2955.04	2729.75	2736.4	
0.593554	2862.51	2868.6	2910.97	2688.4	2694.95	
0.5592	2823.62	2829.63	2871.86	2651.68	2658.15	
0.527006	2790.17	2796.12	2838.23	2620.09	2626.49	
0.498313	2762.66	2768.55	2810.56	2594.1	2600.44	
0.474649	2741.51	2747.36	2789.3	2574.12	2580.42	
0.457576	2727.08	2732.91	2774.79	2560.48	2566.76	
0.448426	2719.63	2725.44	2767.3	2553.44	2559.7	
0.447997	2719.28	2725.09	2766.95	2553.11	2559.37	
0.456327	2726.05	2731.87	2773.76	2559.51	2565.78	
0.472685	2739.81	2745.66	2787.59	2572.51	2578.81	
0.495777	2760.33	2766.22	2808.22	2591.89	2598.24	
0.524052	2787.24	2793.18	2835.28	2617.32	2623.72	
0.55597	2820.14	2826.14	2868.36	2648.39	2654.86	
0.590167	2858.53	2864.6	2906.96	2684.63	2691.18	
0.625525	2901.89	2908.05	2950.57	2725.56	2732.2	
0.660704	2949.04	2955.11	2997.82	2769.89	2776.43	
0.629284	2906.73	2912.73	2955.27	2729.97	2736.43	
0.599201	2869.24	2875.17	2917.57	2694.58	2700.97	
0.571401	2837.04	2842.91	2885.19	2664.19	2670.51	
0.546981	2810.6	2816.42	2858.6	2639.21	2645.48	
0.527122	2790.29	2796.07	2838.18	2620.04	2626.27	
0.512967	2776.45	2782.21	2824.26	2606.96	2613.16	
0.505444	2769.3	2775.04	2817.08	2600.21	2606.4	
0.505092	2768.97	2774.71	2816.75	2599.9	2606.09	
0.511937	2775.46	2781.22	2823.27	2606.03	2612.23	
0.525486	2788.66	2794.44	2836.55	2618.5	2624.73	
0.544841	2808.36	2814.17	2856.35	2637.1	2643.36	
0.568871	2834.23	2840.09	2882.36	2661.53	2667.84	
0.596395	2865.88	2871.81	2914.2	2691.41	2697.79	
0.626301	2902.88	2908.88	2951.4	2726.34	2732.79	
0.657628	2944.74	2950.82	2993.51	2765.84	2772.38	
