# Mon Jun 16 11:22:57 2025
# Output created from within /home/haue/repositories/Masters/setup with the following command
# TDZ -dU3,P3 -i17 --ft=60.0 
# Setup: setup.json
# Target: target.json
# Telescope Tabulation for p implanted 17 nm into [-Carbon-] target of thickness 142.033 nm and traversing U3:P3 telescope.
# Properties of U3:	threshold= 100 keV	fdlF=      0.1 um	ft=         60 um	fdlB=       0.5 um.
# Properties of P3:	threshold= 100 keV	bdlF=       0.5 um	bt=         505 um.
# v	Edep_max	Eparticle_dz_lower	Eparticle_dz_upper	Edep_dz_lower	Eparticle_spurious_lower
0.660864	2683.33	2689.84	2735.45	2507.5	2514.54	
0.629442	2644.55	2650.97	2696.4	2471.08	2478.04	
0.599355	2610.18	2616.53	2661.81	2438.81	2445.68	
0.571551	2580.67	2586.95	2632.1	2411.08	2417.89	
0.547128	2556.42	2562.66	2607.7	2388.3	2395.05	
0.527266	2537.81	2544	2588.96	2370.81	2377.51	
0.513108	2525.12	2531.29	2576.19	2358.88	2365.55	
0.505584	2518.57	2524.72	2569.6	2352.72	2359.38	
0.505232	2518.26	2524.42	2569.29	2352.44	2359.09	
0.512078	2524.21	2530.38	2575.28	2358.03	2364.7	
0.52563	2536.31	2542.51	2587.46	2369.41	2376.11	
0.544987	2554.37	2560.6	2605.63	2386.37	2393.12	
0.569022	2578.08	2584.37	2629.5	2408.66	2415.46	
0.596548	2607.1	2613.45	2658.71	2435.92	2442.79	
0.626458	2641.02	2647.44	2692.85	2467.77	2474.72	
0.657788	2679.39	2685.9	2731.49	2503.8	2510.84	
0.629131	2644.18	2650.79	2696.21	2470.92	2478.07	
0.593707	2604.01	2610.53	2655.78	2433.19	2440.25	
0.559348	2568.36	2574.8	2619.89	2399.7	2406.67	
0.527149	2537.7	2544.07	2589.03	2370.88	2377.77	
0.498452	2512.48	2518.79	2563.64	2347.17	2354	
0.474784	2493.09	2499.36	2544.13	2328.95	2335.73	
0.457707	2479.87	2486.11	2530.82	2316.51	2323.26	
0.448555	2473.04	2479.26	2523.95	2310.08	2316.82	
0.448126	2472.72	2478.95	2523.63	2309.78	2316.52	
0.456457	2478.93	2485.16	2529.87	2315.62	2322.37	
0.472819	2491.54	2497.81	2542.57	2327.48	2334.27	
0.495916	2510.34	2516.65	2561.49	2345.16	2351.99	
0.524196	2535.01	2541.38	2586.32	2368.36	2375.24	
0.556118	2565.17	2571.6	2616.67	2396.7	2403.66	
0.59032	2600.36	2606.87	2652.1	2429.76	2436.8	
0.625682	2640.11	2646.71	2692.11	2467.09	2474.24	
0.598665	2609.42	2616.15	2661.42	2438.47	2445.75	
0.558952	2567.97	2574.6	2619.69	2399.52	2406.7	
0.519867	2531.12	2537.66	2582.59	2364.88	2371.97	
0.482628	2499.38	2505.85	2550.65	2335.05	2342.05	
0.448831	2473.24	2479.66	2524.34	2310.46	2317.4	
0.420433	2453.13	2459.5	2504.1	2291.54	2298.43	
0.399592	2439.41	2445.74	2490.28	2278.62	2285.48	
0.388284	2432.31	2438.63	2483.14	2271.94	2278.78	
0.38775	2431.98	2438.3	2482.81	2271.63	2278.47	
0.398054	2438.43	2444.76	2489.3	2277.7	2284.55	
0.418051	2451.52	2457.88	2502.48	2290.02	2296.91	
0.445813	2471.03	2477.44	2522.11	2308.38	2315.31	
0.479179	2496.6	2503.07	2547.85	2332.43	2339.43	
0.516161	2527.81	2534.35	2579.27	2361.78	2368.85	
0.555125	2564.19	2570.82	2615.88	2395.97	2403.14	
0.594821	2605.22	2611.94	2657.19	2434.52	2441.8	
0.57041	2579.5	2586.38	2631.51	2410.57	2418.01	
0.526262	2536.89	2543.67	2588.62	2370.52	2377.86	
0.482111	2498.96	2505.65	2550.43	2334.86	2342.09	
0.439225	2466.26	2472.86	2517.51	2304.09	2311.24	
0.399409	2439.29	2445.83	2490.37	2278.72	2285.79	
0.365101	2418.52	2425.02	2469.47	2259.17	2266.19	
0.339286	2404.34	2410.79	2455.19	2245.81	2252.8	
0.325003	2397	2403.44	2447.8	2238.9	2245.87	
0.324323	2396.66	2403.1	2447.46	2238.58	2245.55	
0.337355	2403.33	2409.78	2454.17	2244.86	2251.84	
0.36218	2416.86	2423.35	2467.79	2257.6	2264.62	
0.395804	2437	2443.54	2488.07	2276.56	2283.64	
0.435204	2463.39	2469.99	2514.62	2301.39	2308.54	
0.477881	2495.56	2502.24	2547.01	2331.66	2338.89	
0.521972	2533.01	2539.77	2584.71	2366.87	2374.19	
0.566164	2575.18	2582.05	2627.17	2406.52	2413.95	
0.545469	2554.83	2561.89	2606.91	2387.62	2395.27	
0.496979	2511.23	2518.19	2563.02	2346.63	2354.16	
0.447664	2472.38	2479.24	2523.91	2310.09	2317.51	
0.398714	2438.85	2445.62	2490.15	2278.53	2285.85	
0.351989	2411.17	2417.87	2462.29	2252.47	2259.72	
0.310321	2389.84	2396.48	2440.81	2232.38	2239.57	
0.27775	2375.25	2381.86	2426.14	2218.64	2225.8	
0.25912	2367.71	2374.3	2418.54	2211.53	2218.67	
0.258221	2367.36	2373.95	2418.19	2211.21	2218.34	
0.27526	2374.21	2380.82	2425.09	2217.66	2224.81	
0.306697	2388.12	2394.77	2439.09	2230.77	2237.95	
0.34768	2408.82	2415.51	2459.92	2250.26	2257.5	
0.394058	2435.9	2442.67	2487.19	2275.76	2283.08	
0.442888	2468.9	2475.74	2520.4	2306.81	2314.22	
0.492228	2507.26	2514.2	2559.02	2342.9	2350.41	
0.540836	2550.42	2557.47	2602.47	2383.48	2391.11	
0.525043	2535.78	2543.06	2588	2369.98	2377.86	
0.47265	2491.41	2498.57	2543.32	2328.25	2336	
0.418495	2451.82	2458.89	2503.47	2291	2298.64	
0.363519	2417.62	2424.6	2469.04	2258.8	2266.34	
0.309342	2389.37	2396.27	2440.6	2232.19	2239.66	
0.258799	2367.58	2374.43	2418.67	2211.67	2219.07	
0.216857	2352.68	2359.49	2403.67	2197.62	2204.99	
0.19132	2344.97	2351.76	2395.91	2190.36	2197.7	
0.190049	2344.62	2351.4	2395.55	2190.02	2197.36	
0.213524	2351.62	2358.42	2402.6	2196.62	2203.98	
0.254261	2365.84	2372.68	2416.91	2210.02	2217.42	
0.304233	2386.97	2393.87	2438.18	2229.93	2237.39	
0.358208	2414.62	2421.59	2466.01	2255.97	2263.51	
0.413191	2448.27	2455.32	2499.89	2287.65	2295.28	
0.467475	2487.36	2494.51	2539.25	2324.44	2332.18	
0.520067	2531.29	2538.56	2583.48	2365.76	2373.63	
0.510303	2522.66	2530.21	2575.09	2357.94	2366.11	
0.454872	2477.73	2485.16	2529.85	2315.68	2323.72	
0.396802	2437.63	2444.95	2489.47	2277.93	2285.85	
0.336662	2402.96	2410.19	2454.57	2245.28	2253.1	
0.275498	2374.31	2381.46	2425.72	2218.29	2226.02	
0.215356	2352.2	2359.29	2403.46	2197.45	2205.12	
0.160795	2337.08	2344.12	2388.23	2183.19	2190.82	
0.122993	2329.25	2336.27	2380.35	2175.81	2183.41	
0.120948	2328.88	2335.91	2379.99	2175.47	2183.07	
0.156138	2336	2343.04	2387.15	2182.17	2189.79	
0.209723	2350.43	2357.51	2401.67	2195.78	2203.44	
0.269587	2371.88	2379.02	2423.27	2215.99	2223.72	
0.330765	2399.92	2407.14	2451.5	2242.41	2250.22	
0.39106	2434.03	2441.34	2485.85	2274.54	2282.45	
0.449361	2473.63	2481.05	2525.72	2311.82	2319.84	
0.505064	2518.12	2525.66	2570.51	2353.67	2361.82	
0.502222	2515.68	2523.55	2568.4	2351.71	2360.23	
0.445038	2470.46	2478.21	2522.86	2309.16	2317.55	
0.384643	2430.08	2437.71	2482.2	2271.14	2279.4	
0.321293	2395.16	2402.69	2447.03	2238.25	2246.4	
0.255437	2366.29	2373.74	2417.96	2211.04	2219.11	
0.187848	2344	2351.39	2395.53	2190.04	2198.03	
0.120209	2328.75	2336.1	2380.17	2175.66	2183.61	
0.0596311	2320.86	2328.18	2372.23	2168.22	2176.14	
0.0552196	2320.49	2327.81	2371.86	2167.87	2175.79	
0.113803	2327.66	2335.01	2379.08	2174.63	2182.58	
0.181263	2342.21	2349.6	2393.72	2188.35	2196.34	
0.248955	2363.83	2371.28	2415.49	2208.73	2216.79	
0.315021	2392.09	2399.61	2443.94	2235.36	2243.5	
0.378636	2426.45	2434.07	2478.54	2267.73	2275.97	
0.43933	2466.33	2474.07	2518.7	2305.28	2313.65	
0.496832	2511.11	2518.97	2563.8	2347.41	2355.92	
0.501382	2514.96	2523.23	2568.07	2351.43	2360.37	
0.444011	2469.71	2477.84	2522.49	2308.84	2317.64	
0.383367	2429.3	2437.31	2481.79	2270.79	2279.46	
0.319666	2394.35	2402.26	2446.59	2237.86	2246.42	
0.253276	2365.46	2373.28	2417.5	2210.63	2219.1	
0.184775	2343.16	2350.91	2395.04	2189.61	2198	
0.115207	2327.9	2335.61	2379.67	2175.22	2183.56	
0.0485898	2320	2327.68	2371.72	2167.77	2176.08	
0.0430522	2319.63	2327.32	2371.35	2167.42	2175.73	
0.108495	2326.81	2334.51	2378.58	2174.19	2182.53	
0.178066	2341.37	2349.12	2393.24	2187.92	2196.3	
0.246727	2363.01	2370.82	2415.03	2208.32	2216.77	
0.313351	2391.28	2399.18	2443.5	2234.97	2243.52	
0.377331	2425.67	2433.67	2478.13	2267.37	2276.03	
0.438283	2465.58	2473.7	2518.33	2304.95	2313.74	
0.495976	2510.39	2518.64	2563.46	2347.12	2356.05	
0.507845	2520.52	2529.26	2574.11	2357.11	2366.56	
0.451888	2475.51	2484.11	2528.77	2314.74	2324.04	
0.393125	2435.32	2443.79	2488.29	2276.89	2286.06	
0.33204	2400.57	2408.94	2453.29	2244.16	2253.21	
0.269526	2371.85	2380.13	2424.36	2217.09	2226.04	
0.207339	2349.69	2357.9	2402.04	2196.19	2205.07	
0.149568	2334.53	2342.68	2386.77	2181.89	2190.71	
0.107667	2326.68	2334.81	2378.87	2174.49	2183.28	
0.105313	2326.31	2334.44	2378.5	2174.14	2182.94	
0.144525	2333.44	2341.6	2385.68	2180.87	2189.69	
0.201454	2347.91	2356.11	2400.25	2194.51	2203.38	
0.263454	2369.41	2377.68	2421.91	2214.79	2223.73	
0.326033	2397.52	2405.88	2450.21	2241.28	2250.32	
0.387304	2431.71	2440.17	2484.65	2273.49	2282.65	
0.446318	2471.4	2479.98	2524.63	2310.87	2320.16	
0.502561	2515.97	2524.7	2569.53	2352.82	2362.26	
0.52114	2532.26	2541.57	2586.47	2368.68	2378.76	
0.467962	2487.73	2496.9	2541.61	2326.78	2336.7	
0.412808	2448.01	2457.05	2501.59	2289.37	2299.14	
0.356541	2413.69	2422.61	2467.01	2257.03	2266.68	
0.300676	2385.33	2394.16	2438.44	2230.3	2239.85	
0.247945	2363.46	2372.21	2416.41	2209.67	2219.15	
0.203408	2348.5	2357.2	2401.34	2195.56	2204.98	
0.175701	2340.75	2349.43	2393.54	2188.26	2197.65	
0.174305	2340.4	2349.07	2393.18	2187.92	2197.31	
0.199823	2347.43	2356.13	2400.26	2194.56	2203.97	
0.243168	2361.7	2370.45	2414.64	2208.02	2217.48	
0.295377	2382.92	2391.74	2436.02	2228.03	2237.57	
0.351085	2410.67	2419.59	2463.97	2254.19	2263.83	
0.407394	2444.44	2453.47	2498	2286.01	2295.77	
0.4627	2483.67	2492.83	2537.52	2322.95	2332.86	
0.516096	2527.76	2537.06	2581.93	2364.45	2374.51	
0.540368	2549.98	2560	2604.96	2386	2396.84	
0.490935	2506.18	2516.05	2560.83	2344.78	2355.45	
0.440468	2467.15	2476.88	2521.49	2308.01	2318.54	
0.390116	2433.44	2443.06	2487.53	2276.26	2286.65	
0.341716	2405.62	2415.13	2459.49	2250.03	2260.32	
0.298149	2384.18	2393.61	2437.88	2229.81	2240.02	
0.263704	2369.51	2378.9	2423.11	2215.98	2226.13	
0.243789	2361.93	2371.28	2415.46	2208.83	2218.95	
0.242823	2361.58	2370.93	2415.11	2208.5	2218.62	
0.261053	2368.47	2377.85	2422.05	2215	2225.14	
0.294336	2382.45	2391.88	2436.15	2228.19	2238.39	
0.337231	2403.26	2412.77	2457.11	2247.81	2258.09	
0.38531	2430.49	2440.09	2484.55	2273.47	2283.85	
0.435567	2463.64	2473.36	2517.96	2304.71	2315.22	
0.486082	2502.19	2512.04	2556.81	2341.02	2351.67	
0.535651	2545.55	2555.55	2600.5	2381.83	2392.65	
0.564386	2573.39	2584.29	2629.34	2408.81	2420.6	
0.519229	2530.54	2541.28	2586.15	2368.48	2380.08	
0.473896	2492.39	2502.98	2547.69	2332.55	2344	
0.429652	2459.48	2469.95	2514.52	2301.54	2312.86	
0.388334	2432.34	2442.7	2487.16	2275.96	2287.17	
0.352482	2411.44	2421.72	2466.09	2256.25	2267.37	
0.325308	2397.16	2407.38	2451.7	2242.79	2253.84	
0.310183	2389.77	2399.97	2444.25	2235.82	2246.85	
0.309462	2389.43	2399.62	2443.91	2235.5	2246.52	
0.323268	2396.14	2406.36	2450.67	2241.82	2252.88	
0.349417	2409.76	2420.04	2464.4	2254.67	2265.78	
0.384578	2430.04	2440.39	2484.84	2273.79	2284.99	
0.425491	2456.6	2467.05	2511.61	2298.82	2310.13	
0.469542	2488.97	2499.54	2544.24	2329.33	2340.76	
0.514833	2526.64	2537.36	2582.21	2364.8	2376.39	
0.560049	2569.06	2579.94	2624.97	2404.73	2416.5	
0.591987	2602.15	2614.15	2659.31	2436.85	2449.82	
0.551268	2560.42	2572.25	2617.23	2397.57	2410.35	
0.511052	2523.31	2534.98	2579.81	2362.62	2375.24	
0.472574	2491.35	2502.89	2547.58	2332.51	2344.98	
0.437487	2465.01	2476.44	2521.02	2307.69	2320.04	
0.407855	2444.75	2456.09	2500.59	2288.58	2300.84	
0.386002	2430.91	2442.2	2486.64	2275.53	2287.73	
0.374101	2423.76	2435.02	2479.43	2268.79	2280.96	
0.373539	2423.43	2434.68	2479.09	2268.47	2280.64	
0.384385	2429.92	2441.21	2485.64	2274.6	2286.8	
0.405362	2443.12	2454.46	2498.95	2287.05	2299.3	
0.434345	2462.78	2474.2	2518.77	2305.58	2317.93	
0.469001	2488.54	2500.07	2544.75	2329.87	2342.33	
0.507229	2519.99	2531.64	2576.46	2359.49	2372.09	
0.547337	2556.62	2568.43	2613.4	2393.99	2406.76	
0.588052	2597.93	2609.9	2655.05	2432.88	2445.82	
0.622039	2635.85	2649.25	2694.55	2469.82	2484.3	
0.585658	2595.38	2608.6	2653.72	2431.71	2446	
0.550258	2559.44	2572.5	2617.46	2397.87	2411.98	
0.516966	2528.53	2541.45	2586.28	2368.74	2382.7	
0.487182	2503.09	2515.89	2560.62	2344.77	2358.6	
0.462525	2483.54	2496.25	2540.89	2326.34	2340.08	
0.444675	2470.2	2482.85	2527.44	2313.76	2327.43	
0.435085	2463.3	2475.92	2520.48	2307.26	2320.89	
0.434635	2462.98	2475.6	2520.16	2306.96	2320.59	
0.443366	2469.24	2481.89	2526.48	2312.86	2326.53	
0.460474	2481.97	2494.68	2539.31	2324.86	2338.59	
0.484545	2500.94	2513.73	2558.45	2342.74	2356.56	
0.513906	2525.82	2538.73	2583.55	2366.19	2380.13	
0.546924	2556.22	2569.27	2614.22	2394.84	2408.93	
0.582173	2591.69	2604.9	2650	2428.24	2442.51	
0.618501	2631.75	2645.13	2690.41	2465.96	2480.42	
0.653556	2674.03	2689.3	2734.75	2507.43	2523.91	
0.621251	2634.93	2649.99	2695.27	2470.6	2486.87	
0.590232	2600.26	2615.15	2660.27	2437.94	2454.02	
0.561481	2570.48	2585.22	2630.21	2409.88	2425.8	
0.536149	2546.01	2560.63	2605.51	2386.81	2402.6	
0.515489	2527.22	2541.74	2586.54	2369.09	2384.77	
0.500726	2514.41	2528.86	2573.61	2357.01	2372.62	
0.492867	2507.79	2522.21	2566.94	2350.77	2366.35	
0.492499	2507.48	2521.9	2566.63	2350.49	2366.06	
0.499651	2513.49	2527.94	2572.69	2356.15	2371.75	
0.513784	2525.71	2540.22	2585.03	2367.67	2383.34	
0.533925	2543.94	2558.54	2603.42	2384.86	2400.63	
0.558861	2567.88	2582.6	2627.58	2407.42	2423.33	
0.587334	2597.16	2612.03	2657.14	2435.02	2451.08	
0.618178	2631.37	2646.42	2691.68	2467.25	2483.5	
0.650397	2670.07	2685.31	2730.75	2503.7	2520.16	
