# Mon Jun 16 11:23:01 2025
# Output created from within /home/haue/repositories/Masters/setup with the following command
# TDZ -dU6,P6 -i17 --ft=65.0 
# Setup: setup.json
# Target: target.json
# Telescope Tabulation for p implanted 17 nm into [-Carbon-] target of thickness 142.033 nm and traversing U6:P6 telescope.
# Properties of U6:	threshold= 100 keV	fdlF=      0.1 um	ft=         65 um	fdlB=       0.5 um.
# Properties of P6:	threshold= 100 keV	bdlF=       0.5 um	bt=         500 um.
# v	Edep_max	Eparticle_dz_lower	Eparticle_dz_upper	Edep_dz_lower	Eparticle_spurious_lower
0.684819	2851.67	2855.02	2899.28	2669.17	2672.79	
0.651931	2806.65	2810	2854.06	2626.88	2630.5	
0.619861	2766.18	2769.54	2813.43	2588.87	2592.49	
0.589512	2730.77	2734.16	2777.9	2555.62	2559.27	
0.56198	2700.94	2704.36	2747.98	2527.62	2531.3	
0.538513	2677.13	2680.6	2724.13	2505.28	2509.03	
0.520407	2659.73	2663.28	2706.74	2489	2492.83	
0.508838	2649.03	2652.69	2696.11	2479.05	2483	
0.50465	2645.24	2649.05	2692.46	2475.64	2479.74	
0.508168	2648.43	2652.44	2695.85	2478.83	2483.16	
0.519118	2658.52	2662.83	2706.28	2488.61	2493.26	
0.536695	2675.34	2680.08	2723.59	2504.86	2509.97	
0.559745	2698.61	2704.03	2747.63	2527.41	2533.26	
0.586972	2727.93	2734.6	2778.3	2556.2	2563.4	
0.617121	2762.87	2772.5	2816.31	2591.96	2602.36	
0.649079	2802.91	2829.19	2872.98	2646.04	2674.23	
0.654961	2810.64	2814	2858.08	2630.64	2634.26	
0.618079	2764.02	2767.38	2811.26	2586.84	2590.46	
0.581651	2722.04	2725.41	2769.12	2547.41	2551.04	
0.546686	2685.26	2688.66	2732.22	2512.86	2516.52	
0.514482	2654.21	2657.65	2701.1	2483.71	2487.42	
0.486606	2629.39	2632.91	2676.25	2460.44	2464.22	
0.464786	2611.24	2614.85	2658.13	2443.46	2447.35	
0.450685	2600.08	2603.83	2647.06	2433.09	2437.14	
0.445546	2596.12	2600.06	2643.28	2429.56	2433.81	
0.449864	2599.44	2603.66	2646.89	2432.96	2437.51	
0.463222	2609.98	2614.61	2657.87	2443.28	2448.28	
0.484428	2627.53	2632.83	2676.15	2460.45	2466.16	
0.511844	2651.78	2658.28	2701.68	2484.45	2491.47	
0.543736	2682.3	2691.69	2735.17	2515.99	2526.12	
0.578515	2718.61	2744.18	2787.62	2566.12	2593.56	
0.614859	2760.15	2890.21	2932.65	2708.48	2841.71	
0.62661	2774.42	2777.79	2821.72	2596.63	2600.26	
0.585531	2726.33	2729.71	2773.44	2551.44	2555.08	
0.544382	2682.95	2686.34	2729.9	2510.68	2514.34	
0.504239	2644.87	2648.31	2691.71	2474.92	2478.62	
0.466578	2612.69	2616.18	2659.47	2444.7	2448.47	
0.433323	2586.93	2590.52	2633.7	2420.56	2424.42	
0.406776	2568.07	2571.78	2614.9	2402.93	2406.93	
0.389331	2556.47	2560.36	2603.43	2392.19	2396.39	
0.382911	2552.35	2556.5	2599.56	2388.58	2393.06	
0.388308	2555.8	2560.35	2603.41	2392.22	2397.13	
0.404852	2566.76	2571.95	2615.04	2403.16	2408.76	
0.430695	2585	2591.36	2634.5	2421.48	2428.34	
0.463459	2610.17	2619.33	2662.54	2447.93	2457.82	
0.500818	2641.81	2666.75	2709.89	2493.29	2520.04	
0.540809	2679.39	2806.09	2848.21	2629.22	2758.99	
0.581918	2722.34	2771.13	2814.31	2592.58	2644.39	
0.600691	2743.5	2746.9	2790.69	2567.6	2571.26	
0.555377	2694.09	2697.5	2741.1	2521.17	2524.85	
0.509305	2649.46	2652.9	2696.32	2479.23	2482.94	
0.463531	2610.23	2613.72	2656.99	2442.38	2446.15	
0.419631	2577.02	2580.59	2623.74	2411.22	2415.07	
0.379853	2550.42	2554.1	2597.15	2386.29	2390.27	
0.3472	2530.92	2534.77	2577.75	2368.1	2372.25	
0.325187	2518.91	2523.01	2565.95	2357.04	2361.46	
0.316954	2514.65	2519.13	2562.05	2353.4	2358.24	
0.32388	2518.22	2523.32	2566.24	2357.38	2362.88	
0.344796	2529.56	2535.79	2578.74	2369.17	2375.9	
0.37666	2548.42	2557.39	2600.37	2389.63	2399.31	
0.415945	2574.42	2598.8	2641.69	2429.33	2455.48	
0.459585	2607.07	2730.75	2772.61	2558.2	2684.88	
0.505267	2645.8	2693.38	2736.27	2519.41	2569.94	
0.551361	2689.99	2720.54	2763.8	2544.14	2576.84	
0.578245	2718.31	2721.75	2765.44	2543.96	2547.67	
0.528913	2667.8	2671.26	2714.75	2496.5	2500.23	
0.478	2622.1	2625.61	2668.93	2453.57	2457.35	
0.426425	2581.89	2585.47	2628.63	2415.81	2419.66	
0.375686	2547.81	2551.49	2594.54	2383.84	2387.81	
0.328172	2520.48	2524.32	2567.27	2358.26	2362.4	
0.287567	2500.44	2504.51	2547.38	2339.62	2344.02	
0.259018	2488.09	2492.53	2535.35	2328.35	2333.14	
0.24802	2483.7	2488.74	2531.54	2324.8	2330.24	
0.257285	2487.38	2493.52	2536.32	2329.36	2335.99	
0.284502	2499.04	2507.86	2550.67	2342.99	2352.5	
0.324276	2518.43	2542.34	2585.03	2376.15	2401.8	
0.371355	2545.14	2666.25	2707.88	2497.34	2621.38	
0.421922	2578.65	2625.18	2667.81	2455.19	2504.59	
0.473494	2618.35	2648.19	2691.18	2476.06	2507.99	
0.524508	2663.6	2686.13	2729.38	2511.4	2535.59	
0.560357	2699.25	2702.74	2746.36	2526.1	2529.88	
0.507558	2647.87	2651.41	2694.82	2477.84	2481.65	
0.45232	2601.35	2604.95	2648.19	2434.14	2438.02	
0.395301	2560.37	2564.07	2607.16	2395.68	2399.66	
0.337675	2525.61	2529.46	2572.42	2363.09	2367.24	
0.28154	2497.71	2501.78	2544.65	2337.05	2341.44	
0.230756	2477.24	2481.66	2524.44	2318.1	2322.87	
0.192348	2464.62	2469.62	2512.35	2306.78	2312.18	
0.1766	2460.14	2466.22	2508.92	2303.63	2310.19	
0.189909	2463.9	2472.6	2515.29	2309.76	2319.15	
0.226766	2475.81	2499.37	2541.91	2335.66	2360.92	
0.276805	2495.62	2614.66	2656.12	2448.65	2570.57	
0.33266	2522.88	2568.52	2610.96	2401.81	2450.27	
0.390257	2557.07	2586.29	2629.05	2417.78	2449.06	
0.447386	2597.53	2619.57	2662.57	2448.76	2472.43	
0.502813	2643.6	2661.64	2704.87	2488.15	2507.56	
0.548035	2686.62	2690.2	2733.77	2514.31	2518.18	
0.492697	2634.66	2638.3	2681.66	2465.52	2469.44	
0.434193	2587.58	2591.31	2634.5	2421.31	2425.34	
0.372873	2546.07	2549.95	2592.99	2382.39	2386.57	
0.309409	2510.85	2514.94	2557.85	2349.44	2353.85	
0.245082	2482.57	2487	2529.8	2323.14	2327.92	
0.182612	2461.8	2466.79	2509.52	2304.12	2309.51	
0.12903	2449	2455.05	2497.72	2293.1	2299.64	
0.103328	2444.45	2453.09	2495.71	2291.37	2300.7	
0.125261	2448.27	2471.59	2514.04	2309.47	2334.48	
0.177403	2460.35	2577.92	2619.27	2413.96	2534.37	
0.239481	2480.44	2525.4	2567.7	2361.16	2408.91	
0.303786	2508.09	2536.82	2579.41	2371.17	2401.92	
0.367389	2542.73	2564.36	2607.17	2396.78	2420.01	
0.42893	2583.71	2601.4	2644.4	2431.46	2450.48	
0.487698	2630.33	2645.52	2688.73	2472.86	2489.22	
0.54206	2680.64	2684.33	2727.88	2508.81	2512.79	
0.485443	2628.4	2632.19	2675.52	2459.77	2463.86	
0.425259	2581.05	2584.97	2628.13	2415.36	2419.59	
0.361655	2539.3	2543.43	2586.44	2376.26	2380.72	
0.294923	2503.85	2508.31	2551.19	2343.22	2348.03	
0.225543	2475.38	2480.4	2523.17	2316.95	2322.36	
0.154305	2454.47	2460.54	2503.22	2298.28	2304.83	
0.0830308	2441.58	2450.21	2492.82	2288.66	2297.97	
0.0290387	2437	2460.23	2502.64	2298.75	2323.67	
0.0769622	2440.84	2557.59	2598.87	2394.75	2514.32	
0.148022	2453.02	2497.54	2539.74	2334.88	2382.16	
0.219365	2473.24	2501.62	2544.09	2338	2368.37	
0.288945	2501.07	2522.39	2565.05	2357.24	2380.14	
0.355932	2535.93	2553.33	2596.16	2386.2	2404.91	
0.419824	2577.16	2592.08	2635.09	2422.56	2438.63	
0.480315	2624.05	2637.28	2680.49	2465.01	2479.27	
0.542836	2681.41	2685.26	2728.81	2509.69	2513.85	
0.486387	2629.21	2633.2	2676.54	2460.73	2465.03	
0.426425	2581.89	2586.09	2629.25	2416.42	2420.95	
0.363126	2540.17	2544.69	2587.7	2377.47	2382.35	
0.296837	2504.75	2509.83	2552.7	2344.67	2350.14	
0.228166	2476.31	2482.43	2525.19	2318.9	2325.51	
0.158256	2455.42	2464.09	2506.75	2301.74	2311.11	
0.090317	2442.54	2465.81	2508.24	2304.02	2328.98	
0.0460057	2437.96	2554.58	2595.86	2391.92	2511.36	
0.0847813	2441.8	2486.14	2528.31	2324.13	2371.22	
0.152146	2453.96	2482.15	2524.55	2319.64	2349.8	
0.222072	2474.17	2495.29	2537.85	2331.7	2354.38	
0.290909	2501.98	2519.17	2561.88	2354.02	2372.51	
0.357435	2536.81	2551.52	2594.39	2384.37	2400.22	
0.421013	2578	2591.03	2634.07	2421.49	2435.53	
0.481276	2624.86	2636.68	2679.91	2464.38	2477.12	
0.55031	2688.92	2692.99	2736.56	2516.96	2521.35	
0.495451	2637.07	2641.34	2684.71	2468.41	2473.02	
0.43757	2590.09	2594.69	2637.88	2424.54	2429.5	
0.377083	2548.68	2553.84	2596.86	2386.11	2391.67	
0.314781	2513.54	2519.74	2562.63	2354.06	2360.75	
0.252164	2485.33	2494.1	2536.86	2330.03	2339.49	
0.192348	2464.62	2488.08	2530.58	2325.01	2350.18	
0.142767	2451.85	2569.05	2610.37	2405.59	2525.63	
0.120168	2447.31	2491.74	2533.93	2329.42	2376.6	
0.139388	2451.12	2479.27	2521.67	2316.93	2347.06	
0.187435	2463.18	2484.21	2526.74	2321.26	2343.84	
0.246749	2483.21	2500.29	2542.93	2336.23	2354.6	
0.309282	2510.79	2525.37	2568.15	2359.74	2375.44	
0.371685	2545.35	2558.23	2601.15	2390.6	2404.49	
0.43237	2586.23	2597.9	2640.98	2427.88	2440.46	
0.4905	2632.75	2643.51	2686.78	2470.75	2482.36	
0.563981	2703.04	2707.41	2751.04	2530.53	2535.25	
0.511905	2651.84	2656.54	2699.96	2482.72	2487.79	
0.457581	2605.48	2610.74	2653.97	2439.66	2445.34	
0.401735	2564.66	2570.97	2614.04	2402.29	2409.1	
0.345637	2530.03	2538.95	2581.86	2372.26	2381.88	
0.2915	2502.25	2526.03	2568.66	2360.78	2386.29	
0.243232	2481.86	2600.33	2641.74	2435.12	2556.45	
0.207468	2469.3	2514.08	2556.34	2350.48	2398.04	
0.19308	2464.83	2493.13	2535.57	2329.99	2360.27	
0.205227	2468.58	2489.65	2532.2	2326.39	2349.02	
0.239481	2480.44	2497.5	2540.14	2333.6	2351.95	
0.286966	2500.16	2514.69	2557.43	2349.68	2365.32	
0.340777	2527.32	2540.12	2582.98	2373.55	2387.34	
0.39681	2561.37	2572.93	2615.93	2404.39	2416.86	
0.452739	2601.68	2612.33	2655.48	2441.41	2452.89	
0.507231	2647.58	2657.52	2700.86	2483.89	2494.62	
0.583003	2723.53	2728.35	2772.05	2550.23	2555.43	
0.534552	2673.25	2678.63	2722.12	2503.52	2509.33	
0.484716	2627.78	2634.23	2677.53	2461.82	2468.78	
0.434457	2587.77	2596.87	2639.99	2426.79	2436.6	
0.38531	2553.88	2578.09	2620.9	2409.82	2435.79	
0.339661	2526.7	2647.04	2688.61	2479.21	2602.46	
0.301057	2506.77	2552.15	2594.54	2386.38	2434.57	
0.274231	2494.49	2523.09	2565.63	2358.23	2388.83	
0.263984	2490.13	2511.37	2553.99	2346.86	2369.67	
0.272612	2493.79	2510.93	2553.62	2346.26	2364.7	
0.298164	2505.38	2519.94	2562.7	2354.62	2370.3	
0.335938	2524.66	2537.45	2580.3	2371.03	2384.82	
0.381131	2551.22	2562.75	2605.71	2394.8	2407.22	
0.430082	2584.55	2595.14	2638.23	2425.24	2436.65	
0.480315	2624.05	2633.92	2677.17	2461.69	2472.33	
0.530233	2669.07	2678.38	2721.81	2503.48	2513.52	
0.606337	2750.06	2755.58	2799.38	2575.86	2581.82	
0.561981	2700.94	2707.55	2751.14	2530.77	2537.91	
0.517037	2656.58	2665.89	2709.27	2491.73	2501.77	
0.472576	2617.6	2642.34	2685.38	2470.31	2496.84	
0.430163	2584.61	2707.36	2749.13	2536.13	2661.85	
0.39198	2558.19	2604.39	2646.95	2435.6	2484.66	
0.360865	2538.83	2567.87	2610.57	2400.42	2431.51	
0.340033	2526.91	2548.42	2591.17	2381.77	2404.87	
0.332277	2522.68	2539.99	2582.78	2373.64	2392.26	
0.3388	2526.23	2540.89	2583.72	2374.36	2390.14	
0.358584	2537.48	2550.33	2593.22	2383.16	2397.01	
0.388928	2556.21	2567.75	2610.73	2399.51	2411.96	
0.426614	2582.03	2592.61	2635.69	2422.85	2434.26	
0.468754	2614.46	2624.3	2667.51	2452.64	2463.25	
0.513106	2652.94	2662.2	2705.57	2488.26	2498.25	
0.558057	2696.86	2705.66	2749.21	2529.1	2538.61	
0.632899	2782.24	2789.02	2832.95	2607.35	2614.68	
0.592788	2734.47	2744.02	2787.71	2565.19	2575.49	
0.552742	2691.39	2716.75	2760.07	2540.32	2567.51	
0.513825	2653.6	2779.22	2821.25	2603.9	2732.57	
0.47748	2621.67	2668.87	2711.66	2496.33	2546.46	
0.445547	2596.12	2625.74	2668.64	2454.92	2486.62	
0.420185	2577.42	2599.31	2642.23	2429.69	2453.2	
0.403592	2565.91	2583.49	2626.42	2414.6	2433.5	
0.397502	2561.83	2576.67	2619.63	2408.05	2424.04	
0.402621	2565.25	2578.22	2621.22	2409.43	2423.41	
0.418352	2576.12	2587.74	2630.79	2418.32	2430.86	
0.443031	2594.2	2604.82	2647.95	2434.35	2445.81	
0.474479	2619.17	2629.02	2672.25	2457.08	2467.71	
0.510517	2650.57	2659.82	2703.18	2486.02	2496	
0.549271	2687.87	2696.65	2740.16	2520.62	2530.1	
0.589267	2730.5	2738.9	2782.59	2560.33	2569.39	
0.66167	2819.59	2829.41	2873.45	2645.43	2656.02	
0.625722	2773.33	2799.36	2843.03	2618	2645.93	
0.590324	2731.69	2860.56	2902.89	2680.55	2812.56	
0.556463	2695.21	2743.58	2786.65	2566.65	2618.01	
0.525391	2664.43	2694.73	2737.9	2519.86	2552.29	
0.498599	2639.84	2662.2	2705.36	2488.88	2512.89	
0.477706	2621.86	2639.77	2682.92	2467.57	2486.85	
0.464243	2610.8	2625.89	2669.03	2454.39	2470.64	
0.459345	2606.88	2620.04	2663.18	2448.79	2462.97	
0.46346	2610.17	2621.93	2665.11	2450.5	2463.18	
0.47621	2620.61	2631.33	2674.55	2459.29	2470.85	
0.496511	2638	2647.92	2691.22	2474.86	2485.55	
0.522852	2662.03	2671.32	2714.72	2496.83	2506.86	
0.553611	2692.28	2701.07	2744.6	2524.79	2534.28	
0.587281	2728.28	2736.67	2780.35	2558.23	2567.29	
0.622588	2769.49	2777.57	2821.42	2596.64	2605.36	
0.691759	2861.65	2888.42	2932.46	2701.69	2730.41	
0.659742	2817	2949.43	2992.1	2764.25	2899.91	
0.628607	2776.89	2826.55	2869.95	2644.7	2697.44	
0.599229	2741.81	2772.89	2816.36	2593.37	2626.63	
0.57266	2712.26	2735.16	2778.61	2557.51	2582.1	
0.550082	2688.69	2707	2750.4	2530.82	2550.52	
0.532709	2671.46	2686.86	2730.23	2511.74	2528.33	
0.521632	2660.88	2674.28	2717.63	2499.81	2514.25	
0.517627	2657.13	2669.08	2712.43	2494.85	2507.74	
0.520991	2660.27	2671.14	2714.51	2496.74	2508.45	
0.531474	2670.26	2680.29	2723.71	2505.3	2516.12	
0.548336	2686.92	2696.29	2739.79	2520.31	2530.42	
0.570506	2709.96	2718.8	2762.4	2541.45	2551	
0.596774	2739	2747.42	2791.15	2568.34	2577.43	
0.62595	2773.61	2781.7	2825.56	2600.52	2609.25	
0.656969	2813.3	2821.11	2865.15	2637.54	2645.97	
