# Mon Jun 16 11:23:02 2025
# Output created from within /home/haue/repositories/Masters/setup with the following command
# TDZ -dU6,P6 -i17 --ft=70.0 
# Setup: setup.json
# Target: target.json
# Telescope Tabulation for p implanted 17 nm into [-Carbon-] target of thickness 142.033 nm and traversing U6:P6 telescope.
# Properties of U6:	threshold= 100 keV	fdlF=      0.1 um	ft=         70 um	fdlB=       0.5 um.
# Properties of P6:	threshold= 100 keV	bdlF=       0.5 um	bt=         500 um.
# v	Edep_max	Eparticle_dz_lower	Eparticle_dz_upper	Edep_dz_lower	Eparticle_spurious_lower
0.684819	2983.84	2987.09	3029.97	2799.86	2803.35	
0.651931	2936.89	2940.13	2982.82	2755.64	2759.13	
0.619861	2894.68	2897.93	2940.46	2715.9	2719.4	
0.589512	2857.76	2861.03	2903.42	2681.14	2684.66	
0.56198	2826.64	2829.95	2872.22	2651.85	2655.41	
0.538513	2801.81	2805.17	2847.35	2628.5	2632.11	
0.520407	2783.66	2787.1	2829.21	2611.47	2615.16	
0.508838	2772.51	2776.05	2818.12	2601.06	2604.87	
0.50465	2768.56	2772.24	2814.3	2597.48	2601.44	
0.508168	2771.87	2775.76	2817.82	2600.8	2604.98	
0.519118	2782.4	2786.57	2828.67	2611	2615.49	
0.536695	2799.95	2804.53	2846.69	2627.96	2632.89	
0.559745	2824.21	2829.46	2871.7	2651.48	2657.13	
0.586972	2854.79	2861.25	2903.59	2681.49	2688.44	
0.617121	2891.23	2900.55	2943	2718.65	2728.69	
0.649079	2932.99	2958.41	3000.85	2773.91	2801.12	
0.654961	2941.05	2944.3	2987.01	2759.57	2763.07	
0.618079	2892.43	2895.68	2938.2	2713.78	2717.28	
0.581651	2848.65	2851.91	2894.26	2672.55	2676.06	
0.546686	2810.29	2813.58	2855.79	2636.42	2639.96	
0.514482	2777.91	2781.24	2823.33	2605.94	2609.53	
0.486606	2752.02	2755.42	2797.42	2581.61	2585.27	
0.464786	2733.09	2736.59	2778.52	2563.85	2567.61	
0.450685	2721.45	2725.08	2766.97	2553	2556.9	
0.445546	2717.32	2721.14	2763.01	2549.29	2553.4	
0.449864	2720.79	2724.87	2766.75	2552.82	2557.22	
0.463222	2731.78	2736.26	2778.18	2563.58	2568.41	
0.484428	2750.08	2755.21	2797.18	2581.48	2587	
0.511844	2775.37	2781.66	2823.71	2606.48	2613.25	
0.543736	2807.2	2816.28	2858.42	2639.24	2649.02	
0.578515	2845.07	2869.8	2911.91	2690.41	2716.89	
0.614859	2888.4	3014.27	3055.48	2831.31	2960.43	
0.62661	2903.28	2906.54	2949.1	2724.01	2727.52	
0.585531	2853.12	2856.39	2898.76	2676.76	2680.28	
0.544382	2807.88	2811.17	2853.37	2634.15	2637.69	
0.504239	2768.17	2771.49	2813.55	2596.75	2600.33	
0.466578	2734.6	2737.98	2779.92	2565.16	2568.8	
0.433323	2707.74	2711.21	2753.05	2539.91	2543.64	
0.406776	2688.07	2691.66	2733.43	2521.47	2525.33	
0.389331	2675.96	2679.73	2721.46	2510.22	2514.27	
0.382911	2671.67	2675.69	2717.4	2506.42	2510.75	
0.388308	2675.27	2679.67	2721.4	2510.2	2514.94	
0.404852	2686.7	2691.72	2733.47	2521.59	2527	
0.430695	2705.72	2711.87	2753.68	2540.66	2547.28	
0.463459	2731.97	2740.84	2782.7	2568.1	2577.64	
0.500818	2764.98	2789.09	2830.91	2614.3	2640.13	
0.540809	2804.17	2926.79	2967.7	2748.71	2874.49	
0.581918	2848.96	2896.15	2938.03	2716.29	2766.35	
0.600691	2871.03	2874.32	2916.75	2693.65	2697.19	
0.555377	2819.5	2822.8	2865.04	2645.12	2648.67	
0.509305	2772.95	2776.28	2818.35	2601.27	2604.85	
0.463531	2732.04	2735.41	2777.34	2562.73	2566.37	
0.419631	2697.4	2700.86	2742.67	2530.14	2533.86	
0.379853	2669.65	2673.22	2714.94	2504.07	2507.91	
0.3472	2649.31	2653.04	2694.69	2485.04	2489.06	
0.325187	2636.79	2640.76	2682.36	2473.46	2477.73	
0.316954	2632.34	2636.68	2678.27	2469.63	2474.29	
0.32388	2636.07	2641.01	2682.6	2473.73	2479.05	
0.344796	2647.9	2653.93	2695.55	2485.98	2492.48	
0.37666	2667.57	2676.24	2717.89	2507.16	2516.5	
0.415945	2694.69	2718.26	2759.83	2547.47	2572.72	
0.459585	2728.74	2848.44	2889.09	2674.68	2797.47	
0.505267	2769.13	2815.15	2856.74	2639.89	2688.7	
0.551361	2815.22	2844.77	2886.71	2667.04	2698.61	
0.578245	2844.76	2848.09	2890.42	2668.94	2672.52	
0.528913	2792.08	2795.43	2837.57	2619.32	2622.92	
0.478	2744.42	2747.81	2789.78	2574.43	2578.08	
0.426425	2702.48	2705.94	2747.77	2534.94	2538.66	
0.375686	2666.94	2670.5	2712.21	2501.51	2505.34	
0.328172	2638.43	2642.15	2683.76	2474.76	2478.76	
0.287567	2617.52	2621.46	2663.01	2455.24	2459.49	
0.259018	2604.64	2608.93	2650.43	2443.43	2448.05	
0.24802	2600.06	2604.93	2646.41	2439.68	2444.92	
0.257285	2603.9	2609.84	2651.32	2444.36	2450.76	
0.284502	2616.07	2624.59	2666.08	2458.4	2467.58	
0.324276	2636.29	2659.41	2700.79	2491.92	2516.68	
0.371355	2664.15	2781.35	2821.78	2611.25	2731.47	
0.421922	2699.1	2744.09	2785.44	2572.81	2620.54	
0.473494	2740.51	2769.36	2811.04	2595.92	2626.74	
0.524508	2787.69	2809.49	2851.41	2633.42	2656.78	
0.560357	2824.88	2828.26	2870.52	2650.26	2653.91	
0.507558	2771.3	2774.72	2816.78	2599.8	2603.48	
0.45232	2722.78	2726.26	2768.16	2554.11	2557.85	
0.395301	2680.03	2683.61	2725.36	2513.88	2517.73	
0.337675	2643.78	2647.5	2689.13	2479.81	2483.82	
0.28154	2614.68	2618.62	2660.15	2452.56	2456.8	
0.230756	2593.31	2597.59	2639.06	2432.72	2437.33	
0.192348	2580.15	2584.99	2626.41	2420.84	2426.05	
0.1766	2575.47	2581.36	2622.75	2417.46	2423.79	
0.189909	2579.4	2587.82	2629.19	2423.67	2432.74	
0.226766	2591.83	2614.61	2655.85	2449.6	2473.99	
0.276805	2612.49	2727.69	2767.96	2560.49	2678.66	
0.33266	2640.93	2685.07	2726.23	2517.07	2563.89	
0.390257	2676.59	2704.85	2746.3	2535.03	2565.22	
0.447386	2718.79	2740.1	2781.79	2567.98	2590.82	
0.502813	2766.84	2784.28	2826.18	2609.46	2628.2	
0.548035	2811.7	2815.17	2857.38	2637.93	2641.66	
0.492697	2757.52	2761.04	2803.06	2586.91	2590.7	
0.434193	2708.41	2712.02	2753.87	2540.69	2544.57	
0.372873	2665.12	2668.87	2710.57	2499.98	2504.02	
0.309409	2628.38	2632.34	2673.92	2465.51	2469.78	
0.245082	2598.88	2603.17	2644.65	2437.98	2442.6	
0.182612	2577.21	2582.04	2623.45	2418.06	2423.26	
0.12903	2563.85	2569.71	2611.07	2406.46	2412.77	
0.103328	2559.11	2567.47	2608.78	2404.45	2413.45	
0.125261	2563.09	2585.64	2626.8	2422.23	2446.39	
0.177403	2575.7	2689.48	2729.64	2524.33	2641.04	
0.239481	2596.66	2640.14	2681.16	2474.63	2520.76	
0.303786	2625.5	2653.28	2694.58	2486.34	2516.03	
0.367389	2661.64	2682.55	2724.04	2513.66	2536.08	
0.42893	2704.38	2721.48	2763.16	2550.21	2568.57	
0.487698	2753	2767.69	2809.57	2593.69	2609.48	
0.54206	2805.47	2809.05	2851.23	2632.16	2636.02	
0.485443	2750.99	2754.65	2796.64	2580.89	2584.83	
0.425259	2701.6	2705.4	2747.22	2534.44	2538.53	
0.361655	2658.05	2662.05	2703.73	2493.56	2497.86	
0.294923	2621.08	2625.4	2666.95	2458.98	2463.63	
0.225543	2591.38	2596.24	2637.69	2431.46	2436.69	
0.154305	2569.56	2575.43	2616.81	2411.86	2418.19	
0.0830308	2556.11	2564.46	2605.77	2401.61	2410.6	
0.0290387	2551.33	2573.8	2614.92	2411.04	2435.1	
0.0769622	2555.34	2668.33	2708.43	2504.31	2620.21	
0.148022	2568.04	2611.11	2652.04	2447.19	2492.87	
0.219365	2589.15	2616.59	2657.77	2451.68	2481	
0.288945	2618.18	2638.79	2680.15	2472.34	2494.44	
0.355932	2654.54	2671.36	2712.88	2502.92	2520.97	
0.419824	2697.54	2711.97	2753.66	2541.13	2556.63	
0.480315	2746.45	2759.25	2801.12	2585.64	2599.4	
0.542836	2806.27	2810	2852.19	2633.07	2637.09	
0.486387	2751.83	2755.69	2797.68	2581.88	2586.03	
0.426425	2702.48	2706.54	2748.36	2535.53	2539.9	
0.363126	2658.97	2663.34	2705.01	2494.79	2499.5	
0.296837	2622.02	2626.93	2668.48	2460.45	2465.73	
0.228166	2592.35	2598.27	2639.71	2433.43	2439.8	
0.158256	2570.55	2578.94	2620.29	2415.29	2424.33	
0.090317	2557.11	2579.62	2620.76	2416.54	2440.65	
0.0460057	2552.34	2665.21	2705.3	2501.36	2617.14	
0.0847813	2556.34	2599.23	2640.13	2435.96	2481.46	
0.152146	2569.03	2596.29	2637.41	2432.5	2461.62	
0.222072	2590.12	2610.54	2651.8	2445.65	2467.54	
0.290909	2619.12	2635.75	2677.15	2469.29	2487.13	
0.357435	2655.46	2669.69	2711.23	2501.22	2516.51	
0.421013	2698.43	2711.02	2752.73	2540.15	2553.7	
0.481276	2747.29	2758.72	2800.62	2585.09	2597.38	
0.55031	2814.1	2818.04	2860.26	2640.66	2644.9	
0.495451	2760.03	2764.17	2806.18	2589.88	2594.34	
0.43757	2711.03	2715.48	2757.33	2543.99	2548.78	
0.377083	2667.84	2672.83	2714.52	2503.77	2509.14	
0.314781	2631.19	2637.19	2678.75	2470.18	2476.64	
0.252164	2601.76	2610.25	2651.69	2444.85	2453.99	
0.192348	2580.15	2602.84	2644.05	2438.48	2462.78	
0.142767	2566.83	2680.26	2720.39	2515.61	2631.96	
0.120168	2562.09	2605.07	2645.99	2441.48	2487.07	
0.139388	2566.06	2593.29	2634.41	2429.66	2458.76	
0.187435	2578.65	2598.99	2640.22	2434.74	2456.54	
0.246749	2599.55	2616.06	2657.4	2450.7	2468.43	
0.309282	2628.32	2642.42	2683.88	2475.47	2490.63	
0.371685	2664.36	2676.82	2718.42	2507.87	2521.27	
0.43237	2707.01	2718.29	2760.04	2546.94	2559.08	
0.4905	2755.52	2765.93	2807.86	2591.83	2603.03	
0.563981	2828.83	2833.06	2875.33	2654.83	2659.39	
0.511905	2775.43	2779.98	2822.05	2604.81	2609.71	
0.457581	2727.08	2732.17	2774.06	2559.75	2565.23	
0.401735	2684.5	2690.61	2732.35	2520.6	2527.17	
0.345637	2648.39	2657.01	2698.6	2489.01	2498.29	
0.2915	2619.41	2642.4	2683.73	2475.85	2500.47	
0.243232	2598.14	2712.78	2753.01	2546.39	2663.98	
0.207468	2585.03	2628.34	2669.33	2463.48	2509.42	
0.19308	2580.38	2607.74	2648.89	2443.31	2472.55	
0.205227	2584.28	2604.66	2645.91	2440.1	2461.95	
0.239481	2596.66	2613.16	2654.49	2447.95	2465.66	
0.286966	2617.23	2631.28	2672.71	2464.96	2480.05	
0.340777	2645.56	2657.94	2699.48	2490.05	2503.36	
0.39681	2681.07	2692.26	2733.93	2522.38	2534.41	
0.452739	2723.12	2733.41	2775.23	2561.16	2572.25	
0.507231	2770.99	2780.61	2822.6	2605.63	2615.99	
0.583003	2850.2	2854.86	2897.21	2675.39	2680.41	
0.534552	2797.76	2802.97	2845.11	2626.51	2632.11	
0.484716	2750.34	2756.58	2798.54	2582.82	2589.55	
0.434457	2708.61	2717.41	2759.2	2546	2555.47	
0.38531	2673.26	2696.67	2738.17	2527.1	2552.16	
0.339661	2644.92	2761.37	2801.74	2592.35	2711.81	
0.301057	2624.13	2668.01	2709.12	2500.96	2547.52	
0.274231	2611.32	2638.97	2680.22	2472.82	2502.36	
0.263984	2606.77	2627.31	2668.63	2461.49	2483.51	
0.272612	2610.59	2627.16	2668.54	2461.18	2478.98	
0.298164	2622.68	2636.75	2678.2	2470.13	2485.25	
0.335938	2642.79	2655.16	2696.68	2487.42	2500.72	
0.381131	2670.49	2681.64	2723.27	2512.36	2524.35	
0.430082	2705.25	2715.49	2757.25	2544.26	2555.27	
0.480315	2746.45	2755.99	2797.9	2582.42	2592.7	
0.530233	2793.4	2802.41	2844.49	2626.16	2635.85	
0.606337	2877.88	2883.21	2925.65	2702.13	2707.88	
0.561981	2826.64	2833.04	2875.27	2654.91	2661.79	
0.517037	2780.37	2789.38	2831.41	2613.87	2623.57	
0.472576	2739.72	2763.64	2805.37	2590.3	2615.91	
0.430163	2705.32	2824.11	2864.68	2651.68	2773.53	
0.39198	2677.76	2722.43	2763.71	2552.37	2599.76	
0.360865	2657.56	2685.64	2727.04	2516.9	2546.9	
0.340033	2645.13	2665.93	2707.37	2497.97	2520.27	
0.332277	2640.72	2657.46	2698.93	2489.79	2507.77	
0.3388	2644.42	2658.6	2700.11	2490.75	2505.99	
0.358584	2656.16	2668.58	2710.15	2500.1	2513.46	
0.388928	2675.69	2686.86	2728.51	2517.28	2529.29	
0.426614	2702.62	2712.85	2754.6	2541.77	2552.77	
0.468754	2736.45	2745.96	2787.84	2572.96	2583.2	
0.513106	2776.58	2785.54	2827.56	2610.25	2619.9	
0.558057	2822.39	2830.9	2873.1	2652.99	2662.16	
0.632899	2911.43	2918	2960.55	2734.95	2742.03	
0.592788	2861.61	2870.85	2913.18	2690.66	2700.61	
0.552742	2816.69	2841.2	2883.2	2663.45	2689.7	
0.513825	2777.27	2898.85	2939.67	2722.32	2847.03	
0.47748	2743.97	2789.62	2831.12	2615.79	2664.21	
0.445547	2717.32	2745.96	2787.55	2573.83	2604.43	
0.420185	2697.81	2718.98	2760.59	2548.04	2570.73	
0.403592	2685.81	2702.8	2744.42	2532.59	2550.84	
0.397502	2681.55	2695.9	2737.54	2525.96	2541.39	
0.402621	2685.13	2697.67	2739.33	2527.55	2541.04	
0.418352	2696.46	2707.7	2749.42	2536.95	2549.05	
0.443031	2715.32	2725.59	2767.39	2553.79	2564.84	
0.474479	2741.36	2750.89	2792.78	2577.61	2587.87	
0.510517	2774.1	2783.05	2825.07	2607.91	2617.55	
0.549271	2813.01	2821.5	2863.66	2644.13	2653.27	
0.589267	2857.47	2865.6	2907.93	2685.67	2694.42	
0.66167	2950.39	2959.88	3002.56	2774.54	2784.76	
0.625722	2902.14	2927.32	2969.64	2744.61	2771.57	
0.590324	2858.71	2983.44	3024.54	2802.2	2930.15	
0.556463	2820.67	2867.44	2909.22	2689.22	2738.84	
0.525391	2788.57	2817.87	2859.71	2641.67	2672.98	
0.498599	2762.92	2784.54	2826.38	2609.9	2633.07	
0.477706	2744.16	2761.49	2803.3	2587.96	2606.56	
0.464243	2732.63	2747.23	2789.03	2574.39	2590.07	
0.459345	2728.54	2741.27	2783.08	2568.68	2582.36	
0.46346	2731.98	2743.35	2785.19	2570.58	2582.82	
0.47621	2742.86	2753.23	2795.11	2579.85	2591.01	
0.496511	2761	2770.59	2812.55	2596.19	2606.51	
0.522852	2786.06	2795.04	2837.1	2619.22	2628.89	
0.553611	2817.61	2826.12	2868.29	2648.48	2657.64	
0.587281	2855.15	2863.27	2905.6	2683.48	2692.22	
0.622588	2898.14	2905.95	2948.44	2723.66	2732.07	
0.691759	2994.25	3020.14	3062.82	2832.05	2859.77	
0.659742	2947.69	3075.84	3117.27	2889.42	3020.89	
0.628607	2905.85	2953.88	2995.97	2770.72	2821.67	
0.599229	2869.27	2899.32	2941.46	2718.47	2750.58	
0.57266	2838.45	2860.6	2902.7	2681.61	2705.35	
0.550082	2813.86	2831.58	2873.64	2654.05	2673.07	
0.532709	2795.9	2810.79	2852.82	2634.33	2650.34	
0.521632	2784.86	2797.82	2839.83	2622.01	2635.95	
0.517627	2780.95	2792.5	2834.51	2616.94	2629.37	
0.520991	2784.23	2794.73	2836.77	2618.99	2630.3	
0.531474	2794.65	2804.34	2846.42	2628.01	2638.45	
0.548336	2812.02	2821.08	2863.23	2643.76	2653.51	
0.570506	2836.05	2844.6	2886.85	2665.9	2675.11	
0.596774	2866.34	2874.48	2916.85	2694.04	2702.82	
0.62595	2902.43	2910.25	2952.76	2727.72	2736.14	
0.656969	2943.83	2951.38	2994.06	2766.44	2774.58	
