# Mon Jun 30 11:33:47 2025
# Output created from within /home/haue/repositories/Masters/setup with the following command
# TDZ -dU1,P1 -i45 --threshold=280 
# Setup: setup.json
# Target: target.json
# Telescope Tabulation for p implanted 45 nm into [-Carbon-] target of thickness 142.033 nm and traversing U1:P1 telescope.
# Properties of U1:	threshold= 100 keV	fdlF=      0.1 um	ft=         52.5 um	fdlB=       0.5 um.
# Properties of P1:	threshold= 280 keV	bdlF=       0.5 um	bt=         500 um.
# v	Edep_max	Eparticle_dz_lower	Eparticle_dz_upper	Edep_dz_lower	Eparticle_spurious_lower
0.661626	2471.96	2476.32	2567.04	2192.22	2197.18	
0.629167	2434.82	2439.12	2530.06	2157.39	2162.29	
0.59797	2401.88	2406.13	2497.28	2126.5	2131.33	
0.569026	2373.57	2377.77	2469.11	2099.94	2104.73	
0.543504	2350.3	2354.46	2445.96	2078.11	2082.86	
0.522674	2332.42	2336.56	2428.18	2061.34	2066.06	
0.507782	2320.23	2324.35	2416.05	2049.91	2054.6	
0.499853	2313.94	2318.04	2409.79	2044	2048.68	
0.499481	2313.65	2317.75	2409.5	2043.73	2048.41	
0.506697	2319.36	2323.48	2415.19	2049.09	2053.78	
0.520955	2330.99	2335.12	2426.75	2060	2064.71	
0.541262	2348.33	2352.49	2444	2076.26	2081	
0.566387	2371.09	2375.29	2466.64	2097.62	2102.4	
0.595053	2398.93	2403.17	2494.34	2123.73	2128.56	
0.626078	2431.44	2435.74	2526.7	2154.22	2159.11	
0.658453	2468.2	2472.55	2563.29	2188.69	2193.64	
0.629959	2435.69	2440.07	2531	2158.28	2163.26	
0.593366	2397.24	2401.55	2492.72	2122.21	2127.12	
0.557721	2363.07	2367.33	2458.73	2090.16	2095.01	
0.524164	2333.67	2337.87	2429.48	2062.58	2067.37	
0.494115	2309.46	2313.63	2405.41	2039.87	2044.62	
0.46922	2290.85	2294.98	2386.9	2022.41	2027.13	
0.451187	2278.14	2282.26	2374.28	2010.49	2015.18	
0.441496	2271.58	2275.68	2367.75	2004.33	2009.01	
0.44104	2271.28	2275.38	2367.45	2004.04	2008.73	
0.449865	2277.24	2281.35	2373.37	2009.64	2014.33	
0.467148	2289.36	2293.49	2385.42	2021.01	2025.72	
0.491453	2307.41	2311.57	2403.37	2037.95	2042.69	
0.521078	2331.09	2335.29	2426.92	2060.16	2064.95	
0.554362	2360.01	2364.26	2455.69	2087.29	2092.13	
0.589859	2393.74	2398.04	2489.24	2118.92	2123.83	
0.626402	2431.8	2436.16	2527.12	2154.63	2159.6	
0.599736	2403.68	2408.08	2499.21	2128.33	2133.33	
0.558739	2364.01	2368.34	2459.73	2091.11	2096.05	
0.518199	2328.71	2332.98	2424.62	2058	2062.87	
0.479368	2298.28	2302.51	2394.37	2029.46	2034.27	
0.443923	2273.21	2277.39	2369.44	2005.93	2010.7	
0.413963	2253.91	2258.05	2350.25	1987.82	1992.55	
0.391855	2240.73	2244.85	2337.15	1975.45	1980.16	
0.37981	2233.91	2238.02	2330.37	1969.05	1973.75	
0.379241	2233.6	2237.71	2330.06	1968.75	1973.45	
0.390219	2239.79	2243.91	2336.21	1974.56	1979.27	
0.411442	2252.36	2256.5	2348.71	1986.36	1991.1	
0.440747	2271.08	2275.26	2367.33	2003.93	2008.7	
0.475759	2295.62	2299.83	2391.72	2026.95	2031.77	
0.514343	2325.54	2329.81	2421.47	2055.03	2059.9	
0.554779	2360.39	2364.72	2456.14	2087.72	2092.65	
0.595775	2399.66	2404.05	2495.21	2124.56	2129.56	
0.571951	2376.34	2380.78	2472.09	2102.76	2107.82	
0.526445	2335.59	2339.96	2431.55	2064.53	2069.52	
0.480703	2299.28	2303.58	2395.44	2030.47	2035.38	
0.436004	2267.94	2272.19	2364.28	2001.07	2005.92	
0.394214	2242.09	2246.3	2338.58	1976.81	1981.61	
0.357921	2222.18	2226.35	2318.78	1958.11	1962.87	
0.330394	2208.57	2212.72	2305.25	1945.32	1950.06	
0.315065	2201.54	2205.67	2298.25	1938.71	1943.43	
0.314334	2201.21	2205.34	2297.92	1938.4	1943.13	
0.328326	2207.6	2211.74	2304.28	1944.41	1949.15	
0.354817	2220.58	2224.75	2317.19	1956.61	1961.37	
0.390414	2239.9	2244.1	2336.4	1974.75	1979.55	
0.431797	2265.19	2269.44	2361.55	1998.49	2003.34	
0.476306	2296.02	2300.32	2392.2	2027.41	2032.32	
0.522012	2331.87	2336.23	2427.85	2061.05	2066.02	
0.567584	2372.22	2376.65	2467.98	2098.9	2103.95	
0.547756	2354.07	2358.57	2450.02	2081.97	2087.09	
0.497902	2312.41	2316.83	2408.59	2042.88	2047.93	
0.446936	2275.24	2279.6	2371.63	2008.01	2012.98	
0.396018	2243.14	2247.44	2339.72	1977.88	1982.79	
0.347017	2216.64	2220.89	2313.36	1952.99	1957.85	
0.302866	2196.21	2200.42	2293.03	1933.79	1938.61	
0.267933	2182.24	2186.43	2279.14	1920.66	1925.45	
0.247725	2175.02	2179.19	2271.95	1913.87	1918.64	
0.246745	2174.68	2178.85	2271.61	1913.55	1918.33	
0.265243	2181.24	2185.43	2278.14	1919.72	1924.51	
0.299	2194.57	2198.78	2291.4	1932.25	1937.06	
0.342474	2214.39	2218.63	2311.12	1950.87	1955.73	
0.391155	2240.32	2244.62	2336.91	1975.24	1980.14	
0.441983	2271.91	2276.26	2368.32	2004.88	2009.85	
0.493004	2308.61	2313.02	2404.8	2039.31	2044.35	
0.543002	2349.86	2354.35	2445.83	2078.01	2083.13	
0.528372	2337.22	2341.79	2433.36	2066.26	2071.48	
0.47471	2294.85	2299.34	2391.22	2026.5	2031.64	
0.418973	2257.02	2261.44	2353.61	1991.01	1996.06	
0.362032	2224.32	2228.69	2321.1	1960.31	1965.3	
0.305427	2197.31	2201.62	2294.23	1934.92	1939.86	
0.251943	2176.47	2180.75	2273.49	1915.33	1920.23	
0.206734	2162.22	2166.47	2259.31	1901.93	1906.79	
0.178594	2154.85	2159.08	2251.97	1894.99	1899.84	
0.177177	2154.51	2158.74	2251.63	1894.67	1899.52	
0.203094	2161.2	2165.45	2258.3	1900.97	1905.84	
0.247096	2174.8	2179.07	2271.83	1913.76	1918.65	
0.300055	2195.01	2199.32	2291.94	1932.76	1937.7	
0.356507	2221.45	2225.81	2318.24	1957.61	1962.59	
0.413497	2253.62	2258.04	2350.23	1987.82	1992.87	
0.469397	2290.98	2295.47	2387.38	2022.87	2028	
0.523286	2332.93	2337.5	2429.1	2062.24	2067.45	
0.514964	2326.05	2330.72	2422.37	2055.9	2061.23	
0.458474	2283.2	2287.8	2379.76	2015.69	2020.94	
0.399062	2244.93	2249.45	2341.7	1979.77	1984.94	
0.337214	2211.83	2216.28	2308.78	1948.68	1953.78	
0.273838	2184.47	2188.87	2281.56	1922.96	1928	
0.210725	2163.36	2167.72	2260.55	1903.11	1908.11	
0.152046	2148.92	2153.25	2246.18	1889.52	1894.49	
0.109464	2141.44	2145.76	2238.73	1882.49	1887.44	
0.107072	2141.09	2145.41	2238.39	1882.16	1887.11	
0.146922	2147.88	2152.21	2245.15	1888.55	1893.52	
0.20475	2161.67	2166.02	2258.86	1901.52	1906.51	
0.267678	2182.15	2186.54	2279.25	1920.78	1925.81	
0.331128	2208.92	2213.37	2305.89	1945.94	1951.04	
0.393173	2241.49	2246	2338.28	1976.54	1981.7	
0.452847	2279.29	2283.87	2375.87	2012.02	2017.26	
0.509633	2321.72	2326.39	2418.07	2051.84	2057.16	
0.508444	2320.76	2325.57	2417.25	2051.07	2056.55	
0.450516	2277.68	2282.4	2374.41	2010.65	2016.04	
0.389188	2239.2	2243.84	2336.13	1974.52	1979.83	
0.324675	2205.9	2210.48	2303.02	1943.24	1948.47	
0.257352	2178.38	2182.9	2275.63	1917.36	1922.54	
0.187811	2157.14	2161.61	2254.48	1897.38	1902.51	
0.117127	2142.6	2147.05	2240.02	1883.71	1888.81	
0.0494061	2135.08	2139.51	2232.53	1876.63	1881.71	
0.0437758	2134.73	2139.16	2232.18	1876.3	1881.38	
0.110305	2141.56	2146.01	2238.98	1882.73	1887.83	
0.180996	2155.43	2159.91	2252.79	1895.78	1900.91	
0.250707	2176.04	2180.56	2273.3	1915.17	1920.34	
0.318276	2202.98	2207.55	2300.11	1940.49	1945.72	
0.383079	2235.74	2240.37	2332.69	1971.27	1976.57	
0.444727	2273.75	2278.46	2370.5	2006.95	2012.34	
0.50299	2316.41	2321.2	2412.92	2046.99	2052.46	
0.509291	2321.45	2326.41	2418.08	2051.87	2057.53	
0.451553	2278.4	2283.27	2375.27	2011.47	2017.04	
0.390479	2239.94	2244.73	2337.02	1975.36	1980.85	
0.326325	2206.67	2211.4	2303.93	1944.1	1949.52	
0.259544	2179.17	2183.84	2276.56	1918.25	1923.6	
0.190932	2157.94	2162.57	2255.43	1898.28	1903.59	
0.122211	2143.42	2148.01	2240.97	1884.62	1889.89	
0.0606313	2135.9	2140.48	2233.49	1877.54	1882.8	
0.0561461	2135.55	2140.13	2233.14	1877.21	1882.47	
0.1157	2142.38	2146.97	2239.94	1883.64	1888.91	
0.184244	2156.24	2160.86	2253.73	1896.68	1901.98	
0.252967	2176.83	2181.5	2274.23	1916.05	1921.4	
0.319968	2203.75	2208.47	2301.02	1941.36	1946.76	
0.3844	2236.48	2241.27	2333.58	1972.12	1977.6	
0.445786	2274.46	2279.33	2371.36	2007.78	2013.34	
0.503853	2317.1	2322.05	2413.75	2047.79	2053.44	
0.517443	2328.09	2333.25	2424.87	2058.28	2064.17	
0.461489	2285.32	2290.4	2382.33	2018.15	2023.94	
0.402782	2247.13	2252.12	2344.35	1982.29	1988	
0.341896	2214.11	2219.03	2311.5	1951.27	1956.9	
0.279896	2186.81	2191.67	2284.33	1925.61	1931.18	
0.218865	2165.75	2170.57	2263.37	1905.8	1911.32	
0.163452	2151.34	2156.13	2249.03	1892.24	1897.73	
0.12504	2143.89	2148.65	2241.6	1885.23	1890.7	
0.122962	2143.54	2148.31	2241.26	1884.9	1890.37	
0.15872	2150.31	2155.1	2248	1891.28	1896.76	
0.213145	2164.06	2168.87	2261.69	1904.21	1909.73	
0.2739	2184.49	2189.35	2282.03	1923.43	1928.99	
0.335922	2211.21	2216.12	2308.61	1948.54	1954.17	
0.396973	2243.7	2248.69	2340.94	1979.07	1984.77	
0.455922	2281.42	2286.48	2378.45	2014.48	2020.27	
0.512158	2323.77	2328.92	2420.57	2054.22	2060.1	
0.532307	2340.57	2345.98	2437.5	2070.21	2076.38	
0.479444	2298.34	2303.66	2395.49	2030.57	2036.65	
0.424723	2260.65	2265.88	2358	1995.19	2001.18	
0.369097	2228.07	2233.23	2325.59	1964.6	1970.5	
0.314212	2201.16	2206.26	2298.82	1939.3	1945.14	
0.262955	2180.4	2185.46	2278.16	1919.78	1925.58	
0.220388	2166.21	2171.23	2264.03	1906.43	1912.19	
0.194458	2158.87	2163.87	2256.72	1899.52	1905.26	
0.193167	2158.53	2163.53	2256.38	1899.2	1904.94	
0.217004	2165.2	2170.22	2263.02	1905.48	1911.23	
0.258351	2178.74	2183.79	2276.5	1918.22	1924.01	
0.309033	2198.87	2203.97	2296.54	1937.15	1942.99	
0.363719	2225.21	2230.36	2322.75	1961.91	1967.81	
0.41936	2257.26	2262.49	2354.63	1992.01	1997.99	
0.474218	2294.48	2299.79	2391.66	2026.96	2033.02	
0.52729	2336.3	2341.7	2433.25	2066.2	2072.36	
0.552895	2358.69	2364.4	2455.79	2087.47	2093.99	
0.504002	2317.21	2322.83	2414.52	2048.54	2054.96	
0.454207	2280.23	2285.77	2377.73	2013.83	2020.15	
0.404717	2248.29	2253.75	2345.96	1983.84	1990.09	
0.357421	2221.92	2227.32	2319.72	1959.06	1965.25	
0.315204	2201.6	2206.95	2299.5	1939.96	1946.09	
0.282179	2187.71	2193.03	2285.67	1926.9	1932.99	
0.263281	2180.52	2185.83	2278.52	1920.14	1926.22	
0.262369	2180.19	2185.49	2278.19	1919.82	1925.9	
0.279654	2186.72	2192.04	2284.68	1925.96	1932.06	
0.31153	2199.97	2205.32	2297.88	1938.42	1944.55	
0.353057	2219.68	2225.08	2317.5	1956.96	1963.14	
0.400006	2245.48	2250.94	2343.17	1981.2	1987.45	
0.44938	2276.91	2282.44	2374.42	2010.71	2017.03	
0.499207	2313.43	2319.04	2410.75	2044.99	2051.4	
0.548227	2354.49	2360.19	2451.62	2083.53	2090.04	
0.578017	2382.14	2388.23	2479.46	2109.81	2116.76	
0.533536	2341.62	2347.62	2439.12	2071.77	2078.62	
0.488996	2305.53	2311.45	2403.21	2037.89	2044.65	
0.445679	2274.39	2280.23	2372.23	2008.65	2015.33	
0.40542	2248.71	2254.49	2346.68	1984.54	1991.15	
0.370698	2228.93	2234.66	2327	1965.95	1972.51	
0.344554	2215.42	2221.11	2313.55	1953.25	1959.77	
0.330083	2208.43	2214.11	2306.59	1946.68	1953.18	
0.329395	2208.1	2213.78	2306.27	1946.37	1952.87	
0.342599	2214.45	2220.14	2312.59	1952.34	1958.86	
0.367741	2227.34	2233.07	2325.42	1964.46	1971.01	
0.401773	2246.53	2252.3	2344.51	1982.49	1989.09	
0.441615	2271.66	2277.49	2369.51	2006.09	2012.76	
0.484725	2302.29	2308.2	2399.99	2034.85	2041.6	
0.529212	2337.93	2343.92	2435.45	2068.3	2075.14	
0.573741	2378.04	2384.12	2475.38	2105.96	2112.9	
0.606454	2410.58	2417.16	2508.19	2136.91	2144.41	
0.566478	2371.18	2377.66	2468.94	2099.92	2107.31	
0.527089	2336.13	2342.52	2434.05	2067.01	2074.31	
0.489518	2305.93	2312.25	2403.99	2038.65	2045.87	
0.455386	2281.05	2287.3	2379.23	2015.29	2022.44	
0.426683	2261.9	2268.1	2360.18	1997.3	2004.4	
0.405605	2248.82	2254.99	2347.17	1985.02	1992.08	
0.394163	2242.06	2248.21	2340.45	1978.67	1985.71	
0.393623	2241.75	2247.9	2340.13	1978.38	1985.42	
0.404049	2247.89	2254.05	2346.24	1984.14	1991.2	
0.424274	2260.36	2266.56	2358.65	1995.86	2002.95	
0.452336	2278.94	2285.18	2377.14	2013.3	2020.45	
0.486035	2303.28	2309.59	2401.36	2036.17	2043.38	
0.523351	2332.99	2339.37	2430.92	2064.06	2071.35	
0.562624	2367.59	2374.06	2465.37	2096.55	2103.93	
0.602587	2406.59	2413.16	2504.21	2133.16	2140.65	
0.637088	2443.61	2450.81	2541.62	2168.44	2176.65	
0.601466	2405.44	2412.54	2503.59	2132.61	2140.71	
0.566878	2371.55	2378.56	2469.83	2100.78	2108.78	
0.534431	2342.39	2349.32	2440.79	2073.4	2081.31	
0.505487	2318.4	2325.26	2416.9	2050.86	2058.71	
0.481598	2299.95	2306.76	2398.54	2033.53	2041.33	
0.464353	2287.36	2294.14	2386.01	2021.71	2029.46	
0.455107	2280.85	2287.61	2379.54	2015.6	2023.34	
0.454673	2280.55	2287.31	2379.24	2015.32	2023.05	
0.46309	2286.46	2293.24	2385.12	2020.87	2028.62	
0.479615	2298.47	2305.28	2397.07	2032.15	2039.93	
0.502928	2316.36	2323.22	2414.88	2048.95	2056.79	
0.531453	2339.84	2346.76	2438.25	2071	2078.91	
0.563624	2368.52	2375.52	2466.81	2097.93	2105.92	
0.598058	2401.97	2409.06	2500.13	2129.34	2137.43	
0.633621	2439.74	2446.93	2537.76	2164.81	2173.01	
0.668963	2480.79	2488.82	2579.39	2204.06	2213.22	
0.637399	2443.96	2451.88	2542.67	2169.48	2178.52	
0.607148	2411.3	2419.13	2510.13	2138.81	2147.74	
0.579166	2383.25	2391	2482.17	2112.46	2121.3	
0.554567	2360.2	2367.88	2459.21	2090.8	2099.57	
0.534549	2342.49	2350.12	2441.57	2074.17	2082.89	
0.520272	2330.42	2338.02	2429.55	2062.83	2071.51	
0.512683	2324.19	2331.76	2423.35	2056.98	2065.63	
0.512328	2323.9	2331.48	2423.06	2056.71	2065.36	
0.519233	2329.56	2337.15	2428.7	2062.02	2070.7	
0.532899	2341.08	2348.7	2440.16	2072.84	2081.55	
0.55241	2358.25	2365.92	2457.26	2088.97	2097.73	
0.576619	2380.8	2388.54	2479.73	2110.15	2118.99	
0.604324	2408.38	2416.2	2507.21	2136.06	2144.99	
0.6344	2440.61	2448.52	2539.33	2166.33	2175.36	
0.665874	2477.05	2485.08	2575.66	2200.55	2209.7	
