27.2977
32.7864
27.2608
29.696
33.0098
26.7586
32.2988
36.6303
27.711
25.8116
28.1741
25.5728
29.8976
30.3913
29.3597
24.76
25.051
26.332
23.8908
26.1157
26.2949
28.0164
24.7852
25.656
25.0202
29.3179
26.2727
25.1099
25.7776
34.932
34.6034
36.5934
31.1746
25.1809
35.0053
31.5015
25.906
36.9233
29.4211
34.0216
26.2383
31.4556
28.7451
27.7179
26.8523
34.0984
24.0815
25.4692
31.7067
24.3193
32.2626
32.026
26.1129
28.6904
25.6616
35.1628
25.3188
24.6846
35.0931
33.4058
34.0881
32.0529
26.4003
24.4037
36.3783
33.1602
26.6004
26.1208
30.636
31.3696
25.4394
25.434
31.9492
29.6726
26.8393
35.0344
28.3563
27.3581
32.5094
31.5487
26.5946
28.1041
26.4845
25.8643
26.5986
24.529
29.0029
34.1253
31.8491
23.7445
34.0993
24.5515
23.231
30.9061
25.3029
23.4805
31.6686
20.9496
24.0808
26.8022
31.1144
28.9671
24.1644
21.6838
26.4446
32.6144
31.8341
31.7561
30.524
28.3096
23.6258
22.9788
24.1427
20.4214
22.6791
23.4957
32.2278
28.7396
25.3097
27.8278
19.9756
27.4116
22.6011
30.3669
22.6863
21.8547
22.1871
21.9885
21.7371
23.4013
25.8697
27.6412
33.7119
29.1444
28.1468
32.7461
33.263
24.2155
22.4152
29.5814
21.9045
26.7699
29.255
22.3351
22.0926
25.8596
23.462
23.1736
24.3702
32.5075
23.2744
25.0149
29.6192
27.6659
21.3069
29.7788
29.7499
30.956
23.7031
23.0509
23.2909
21.9423
29.3827
32.2724
31.4141
23.0991
26.534
22.0583
21.9223
33.8311
24.1052
24.6931
34.558
28.3929
25.6824
22.76
32.1067
23.7061
28.4182
22.9399
20.8463
24.34
22.5776
25.8967
26.123
26.0616
26.5131
33.207
23.7237
21.4446
28.1471
24.7117
23.3363
25.7061
25.8368
23.5746
30.3689
26.6392
23.2275
31.7205
18.6657
18.635
18.8127
29.7102
21.5704
27.8877
19.4942
19.5278
28.9236
16.9643
19.3469
17.2016
32.1229
32.8368
30.1993
29.7896
32.5607
16.9509
19.1657
28.4474
33.0487
19.304
23.9599
20.5415
22.425
30.6747
33.0014
25.9808
26.0263
18.9142
20.47
19.6162
21.5448
26.0863
18.8533
24.7989
16.8087
32.7736
19.458
29.3002
19.8614
29.5764
18.9871
31.4781
22.9535
22.8407
28.1458
21.418
33.4032
20.0943
27.1164
23.1178
26.2215
30.6131
27.648
20.1795
31.0296
23.5246
19.7044
19.0827
27.7651
19.3447
34.6648
18.787
29.757
33.3855
16.6023
17.8337
22.9975
27.0153
18.7154
18.4681
29.6618
24.0573
17.0543
19.1295
29.4413
19.9673
30.3724
20.9755
32.5097
21.1311
27.4522
19.5342
32.6132
25.1441
20.444
20.7456
19.3266
23.4414
17.8929
26.115
16.336
33.0418
16.7474
18.512
20.6535
21.9694
26.2299
20.1934
27.5554
21.4034
29.7447
15.7794
16.5164
17.3541
15.7038
30.6672
15.86
30.5867
13.6946
26.6355
14.9133
14.9203
19.8069
16.4963
13.9469
17.9439
19.4742
25.7025
19.6519
16.2342
18.9388
27.8403
13.2052
19.1899
32.4236
16.5249
23.1896
25.0519
17.4054
28.1814
24.5485
22.0934
15.838
16.0788
13.9561
30.4378
25.6769
28.2709
21.0838
32.9008
14.5634
17.2299
18.0655
15.5938
17.0542
12.5636
14.7995
14.3224
26.7736
17.8614
13.0254
26.7924
29.0942
23.6651
16.2523
19.3139
17.7922
15.4314
28.7491
15.659
31.917
12.7731
15.2462
22.2104
16.5563
18.5162
19.4127
22.2937
20.0478
20.0101
16.225
31.9092
21.1668
26.4462
30.6455
22.727
27.3709
17.6156
18.499
16.4747
27.3614
27.8122
27.4372
16.6458
29.5034
17.2273
14.6692
30.3138
20.2346
26.7527
30.2621
24.4264
26.8213
12.8654
21.4651
17.7252
32.0765
13.8579
14.4505
16.0906
20.012
8.90493
28.5051
15.6345
22.5466
15.3705
21.1661
10.881
20.7276
29.3405
9.39398
18.0546
28.5363
18.0796
15.0345
15.7777
13.9101
10.5893
17.4289
25.4185
31.3851
10.4122
11.7905
12.4671
23.8744
19.3789
9.25693
26.11
26.7504
20.6551
25.8902
15.6979
31.6045
31.305
9.21649
18.6828
19.7763
19.6619
10.1999
11.0956
18.8457
14.5024
26.6955
30.9735
18.9591
15.5178
16.884
12.6476
8.75931
26.2689
9.75942
9.46364
12.751
9.51796
30.7669
11.3185
31.2565
15.2933
30.9249
26.294
11.1091
22.4271
27.4884
22.3155
29.3469
28.26
23.4715
9.17191
14.9254
9.5697
24.292
14.2736
23.6218
23.792
12.5435
19.7209
22.8177
30.2316
14.1527
15.7649
28.8366
26.8894
25.4657
12.5984
11.6811
25.6701
11.5754
16.1904
19.5698
24.2164
29.2162
11.8444
31.0602
29.8747
17.8746
11.4365
15.6826
10.0808
12.5728
28.0002
29.6418
15.8138
24.9276
27.9657
24.4773
9.01608
23.6016
13.762
26.7838
24.3143
8.66698
16.6533
28.9045
27.423
17.0298
25.4652
17.1702
20.3976
15.5612
23.8942
27.4679
15.4825
12.7463
7.41263
15.1354
23.901
16.144
23.2966
8.68593
30.3936
30.2756
9.69906
19.4928
27.6956
23.1863
13.4795
20.8782
20.6673
28.4844
29.544
23.9174
5.23375
14.6881
26.2585
15.6965
25.7553
9.4469
29.1953
22.3096
20.7353
13.7496
19.0263
27.6953
7.32104
6.7742
10.7327
15.457
10.4465
15.3401
24.9652
19.6716
24.816
7.53229
5.4085
24.7179
24.8468
24.6491
21.7045
25.4041
20.3177
18.1694
19.1762
19.2468
11.6363
15.2433
22.0031
7.58204
23.8287
17.2726
7.24304
4.21831
21.6882
19.258
19.595
5.17254
14.1165
24.1638
13.5853
6.54238
23.5293
5.59105
9.39713
22.5222
29.9129
15.8514
30.5248
9.07622
10.3268
29.6691
15.6594
27.4074
18.9316
15.7224
18.7214
22.8877
17.6741
10.8842
20.9827
26.1129
8.78658
27.6096
27.9067
29.1476
29.2527
9.53188
11.8896
15.3284
7.00777
12.2757
11.1305
14.7747
19.0022
5.55537
9.73188
4.83645
7.17956
28.5588
16.5369
21.8614
5.16093
8.91396
10.7381
1.79383
25.6919
26.6943
29.353
6.53731
4.19613
17.8127
20.2277
20.7233
13.594
10.5779
10.1573
3.72125
19.1257
5.82784
16.6997
30.1655
13.3654
26.9689
12.1679
29.527
13.6198
15.533
10.5233
18.0406
10.3934
23.8001
10.1204
14.5007
7.63949
22.3125
23.0737
26.025
9.56063
5.60813
11.7468
16.6548
10.265
27.0141
8.00706
26.8338
29.1278
25.0897
24.436
23.0096
7.12845
8.9463
29.7504
10.6424
15.5327
13.7222
28.5929
19.002
21.1737
23.2976
20.968
6.63362
19.8086
2.52282
11.9399
27.1992
21.9192
19.6395
9.77261
8.26229
30.5609
4.18775
2.81323
6.10698
3.57463
19.4357
30.239
19.7972
24.5037
26.7799
9.68648
3.52945
8.21342
25.6227
27.0393
27.8882
20.8071
17.4952
15.1062
5.31469
10.3542
3.90202
1.70276
28.6101
14.4745
5.4027
15.5531
4.60466
4.5589
24.4462
2.4358
4.00884
20.0792
20.8789
24.6691
16.7675
14.2202
22.1544
10.2427
12.1322
1.94049
24.6357
7.45816
24.8013
20.2379
9.22968
4.48576
27.6038
16.6707
15.7596
19.9729
1.9334
11.058
19.111
18.1467
16.7251
11.5352
6.31677
3.71689
28.5548
5.10979
11.9277
26.1835
9.3625
18.6345
30.3537
12.2537
30.5536
6.7222
20.4446
14.4869
21.6876
21.6637
4.66304
17.7411
27.0394
17.3204
8.99037
26.5959
3.19059
6.47941
4.96685
16.3744
19.7258
7.96533
9.58622
16.5331
29.458
17.5324
8.87228
8.69127
14.5524
19.1689
4.70401
5.9644
7.79541
20.2422
18.9811
23.2416
19.0014
8.44395
24.7783
30.4276
5.4047
11.1306
4.79431
24.772
8.17283
3.30277
9.09607
4.20998
11.897
20.6189
3.30474
8.12759
28.0532
9.577
18.9081
13.5877
3.47244
22.6864
10.4302
4.66023
18.8115
20.8525
25.055
3.23769
22.2987
4.32478
14.157
11.5513
3.26935
19.7509
17.7685
26.277
13.3116
5.13676
13.7282
9.52651
12.2231
5.69923
2.9231
1.80846
7.83427
11.236
19.8999
19.267
29.1412
14.8501
13.8656
3.00105
4.21651
13.5048
30.1567
5.50806
5.12655
20.7778
30.0814
1.80103
4.1821
15.7419
4.89855
17.9912
9.42803
11.3196
18.5922
16.8009
1.48814
18.9241
21.5371
2.69188
16.877
10.0481
16.0768
25.1196
17.3575
13.6054
6.97924
20.4792
24.8319
17.829
26.5187
13.8242
12.2726
8.18365
23.8224
5.85007
29.2878
6.94727
11.0747
27.2153
8.99692
28.9896
8.75163
21.0515
6.74694
23.1244
8.71447
11.2637
28.3212
12.6056
20.8405
28.0544
8.16441
6.10785
22.0289
29.9396
23.5902
30.6938
27.4776
20.6403
18.3668
25.8415
17.2327
9.35922
12.411
30.2258
7.92212
17.4216
10.7106
13.8885
28.3533
15.9632
22.0585
7.40126
18.8507
6.69467
16.6186
13.5482
16.7434
5.80244
29.0456
21.5882
19.4711
20.32
19.6787
10.352
11.0761
11.4197
26.3567
27.1052
9.10694
15.1086
14.2302
9.09964
26.8728
11.0067
26.6182
15.8157
27.0332
16.7202
22.9255
7.76959
13.388
5.49629
20.0821
22.5455
7.19854
18.0135
19.7566
29.0647
26.4606
25.1569
17.6657
7.48989
8.86048
15.2989
10.0588
12.691
19.2174
24.3173
7.93374
5.19258
22.3778
16.5134
22.9477
5.32723
17.5809
16.2949
9.46161
10.3803
18.5215
19.2359
26.3174
19.701
11.7326
16.8753
11.918
12.3033
21.4419
13.6958
16.9013
31.5964
29.8374
22.8621
11.4585
11.1037
16.3261
14.7291
12.4762
30.4625
17.7523
19.7213
20.6929
30.1788
19.8999
19.0662
22.6107
29.624
14.132
26.5894
13.3187
10.0435
14.9431
9.06713
14.6596
21.5802
29.6907
9.21221
12.6276
10.5998
25.6737
28.514
10.5068
27.4127
13.7449
29.7964
26.458
18.584
9.59248
31.2954
11.1967
11.9254
10.9365
14.2036
16.656
10.1407
10.2484
27.0568
13.6087
25.0195
29.6616
20.0662
30.3355
17.5841
11.4381
11.7401
26.3239
11.2256
12.6539
21.7498
14.1778
11.8855
12.245
28.5519
17.8492
14.0778
29.0911
13.3799
31
21.0364
13.6823
17.4522
15.1988
15.9252
18.8759
28.7957
13.4408
27.7865
12.6029
22.5755
30.0782
18.8863
20.2102
20.3722
12.7142
15.2408
10.0008
19.4056
24.6371
21.7131
23.972
31.414
30.8686
13.6447
30.8456
15.2475
17.126
19.8754
13.0526
24.2193
15.1345
17.3508
17.6083
28.182
31.9929
16.7645
17.7501
20.335
24.8095
24.3418
18.8555
27.1643
23.1524
16.6474
15.4041
13.9173
32.2775
16.3207
14.2313
20.137
24.8864
26.3081
29.9579
24.8941
18.6433
19.14
27.4731
32.4299
19.9809
21.9165
21.6615
26.4535
16.6941
14.4743
30.2674
16.4987
26.8744
20.1471
15.2117
28.3582
19.3015
30.4918
24.3323
24.9595
19.2105
18.5722
14.0396
20.872
20.5635
32.1416
25.1804
33.0375
21.9756
19.7836
14.2906
28.9617
15.5131
15.9826
28.2415
25.1037
21.5002
21.3262
29.3855
30.1435
22.2086
16.9864
18.0096
22.6898
16.2865
15.7816
27.0514
32.902
22.4824
16.789
18.5349
15.7203
31.9059
29.6761
31.5884
16.4375
21.5425
18.9109
17.8891
25.2664
29.2246
24.7627
17.0346
15.8909
28.7143
19.4188
19.194
15.3178
16.0541
14.3427
15.075
17.7696
31.3834
23.1869
17.167
26.5547
16.1445
16.6395
31.0912
30.8871
32.893
33.0238
28.8507
21.1573
26.8575
23.6914
24.1871
20.0286
26.5042
21.4256
18.5906
19.5925
30.0011
19.803
26.6575
23.3835
22.3611
27.0438
18.3426
22.1374
29.0111
18.0481
28.1046
33.6117
29.6098
27.0535
18.1016
33.375
29.1453
20.5391
29.5256
33.1505
20.4745
19.5955
18.9102
25.3703
19.5538
32.2535
18.9564
22.5148
30.946
28.7858
27.2303
18.5049
32.2662
34.2763
24.0515
20.5032
28.2772
24.1568
27.2375
24.4511
24.3779
20.0282
28.8675
26.174
23.5585
23.8412
23.6974
29.3851
29.2919
28.0525
20.3576
34.0235
17.2314
31.5047
26.8425
19.2817
21.6346
19.4752
17.499
27.8774
33.1605
32.4375
19.4295
19.2964
25.2035
21.1508
19.672
20.3012
18.9154
17.9311
23.6099
25.4277
26.9318
24.1295
21.9957
27.4488
20.2067
32.3407
26.1121
19.2435
26.406
18.4013
20.2338
23.7177
20.4199
29.122
21.5778
18.9851
32.51
33.8038
18.3514
22.363
21.9497
21.2501
19.9198
28.5569
20.1953
29.4979
20.4388
19.5758
26.2571
26.3603
24.1947
34.5219
25.868
31.249
30.7542
28.6102
24.6433
22.9558
24.2226
30.2258
25.051
22.7401
34.4714
22.1147
23.158
26.6332
21.9863
24.1582
23.6195
23.0501
33.2113
22.5752
20.9852
24.4905
31.5704
29.3039
35.6999
26.0132
21.666
25.9451
26.453
30.194
26.2964
23.8755
28.7384
26.5722
29.9871
29.6852
23.448
23.9663
23.4553
26.9207
26.7778
33.0589
34.1446
33.6344
30.088
20.9405
24.9971
33.7342
22.5509
24.0692
34.8608
34.1087
28.7588
27.562
23.6054
27.3843
24.6103
24.5047
22.8074
23.5124
29.0272
27.7866
31.6285
24.4612
23.8309
29.0174
25.3284
31.4535
24.4606
22.6277
27.1036
26.7105
34.3761
23.3342
31.3551
23.3881
31.7722
33.6381
27.6717
27.9927
27.0914
27.7727
26.3096
25.927
28.3343
24.2545
30.0899
24.1785
27.9722
30.4427
24.5358
29.8899
24.6618
32.3922
31.4902
27.6068
33.2838
32.9709
21.8469
24.3539
27.5532
28.0032
25.3249
31.4017
26.9214
32.3838
26.2712
34.7762
35.4819
29.1354
30.9067
25.0261
29.7691
28.8517
31.7926
30.2047
31.795
31.6993
27.895
33.5225
32.6768
29.2154
24.3164
29.6687
26.7302
37.0961
31.4595
25.1708
31.9208
26.6063
27.5798
32.7633
27.7763
31.3268
35.9297
27.7409
29.9376
30.1119
28.588
32.3959
27.0701
29.9221
27.4862
27.7176
28.9054
26.902
28.7513
33.112
27.9047
32.6344
30.6292
33.4915
30.8614
27.3927
35.5304
28.033
27.3403
36.0153
27.249
30.1928
25.3325
26.8831
29.6026
28.4152
25.5909
30.7979
30.4329
24.9298
27.9592
33.8548
29.3938
33.21
32.7161
35.8811
26.972
27.6988
28.3112
34.3689
24.9149
26.5714
29.3164
36.6535
28.7172
31.4705
26.9651
27.6744
24.8655
29.0471
29.183
27.0803
24.4568
27.3274
24.4814
32.5708
24.953
30.126
28.5583
26.3944
31.2754
27.4777
24.1798
29.5359
30.8852
34.6833
33.5204
28.5168
24.939
32.8685
31.3066
27.1277
36.1251
28.208
29.3295
28.622
25.4881
28.2049
35.3939
30.559
29.5801
26.1479
25.8853
34.0038
27.2425
30.0411
35.2992
34.2672
28.132
27.6606
30.3152
25.2366
36.0652
34.2327
32.3159
35.7662
27.7281
30.0688
25.7498
34.3526
24.2806
25.8141
30.6218
34.9924
29.7673
35.8799
29.0707
33.3593
24.9438
26.5771
30.8291
27.9469
30.2554
33.1727
25.233
32.2995
25.6055
28.6153
26.0523
29.9487
35.6554
25.7584
26.3947
24.8275
34.292
29.2843
27.0001
30.8251
37.8191
31.3018
32.4345
34.5258
29.4137
29.8148
34.9541
36.2129
30.5864
34.2356
24.5223
27.6203
26.4805
24.8507
25.2651
35.3143
26.3672
24.1037
25.297
26.5408
28.0213
35.0064
28.1897
36.5849
37.7321
20.6587
34.6126
23.3387
21.636
22.6629
30.7001
21.3721
26.6538
25.9971
23.2075
23.7767
22.4531
22.9203
32.3301
23.5161
30.8153
31.3134
28.9961
25.9753
30.7784
29.5135
34.945
23.366
23.7337
30.3446
31.6667
21.4023
24.1461
27.3307
24.2983
26.2398
24.2309
22.9818
24.7922
25.6433
21.1576
24.523
26.2542
24.9429
31.801
31.5183
32.6842
28.6098
25.2296
30.5417
30.1653
23.5625
32.8167
23.5756
23.2794
35.2151
20.5321
23.6429
23.1941
25.891
25.5741
22.7631
24.5752
23.869
22.4306
33.6884
31.0731
33.1156
32.1798
34.7667
22.1934
26.2746
21.9356
30.3751
26.3938
26.5725
31.7991
30.6734
28.7248
26.8153
26.5143
28.5703
21.861
22.9877
22.3684
26.3109
29.4647
28.5863
35.4811
24.7465
24.5461
23.3766
30.4564
21.8331
28.9943
23.3213
23.5573
24.2153
29.0816
28.858
31.9589
24.4633
28.7296
24.5896
25.6607
26.2461
35.2112
33.0916
29.5904
24.6713
34.4762
24.5288
27.1808
25.5931
25.4926
31.5712
24.373
26.0837
20.4767
24.6897
19.2332
19.7224
24.2963
25.1206
20.5914
28.1689
26.4509
25.2274
28.3833
20.6891
31.997
21.7042
32.6501
27.0516
21.4028
20.6401
29.6638
18.8173
27.2985
20.929
25.136
26.7174
27.2355
18.5963
18.7378
28.1128
29.9674
31.3823
24.19
30.9069
21.43
25.4805
29.5337
29.9007
21.5386
27.8782
21.1462
23.6302
27.3567
20.3711
20.1686
30.3407
29.9111
19.5163
22.3066
23.6368
32.8252
32.2501
24.183
29.4182
20.7912
19.6887
24.6329
19.8062
27.6599
23.9606
20.1419
22.9698
33.7367
17.4429
31.1963
17.0904
17.0898
29.4456
21.1001
32.0256
27.1194
19.049
17.7327
20.9985
29.6831
19.4574
18.8158
34.3562
21.7452
17.4073
19.6177
33.7232
31.253
25.6943
20.1185
21.2506
23.8046
18.6509
22.5259
25.5462
29.344
20.9085
23.9951
29.651
17.4467
20.9834
20.6139
20.3025
22.0529
17.8753
31.2107
18.1129
20.9828
14.9527
17.1127
25.9409
16.7416
13.5292
13.7216
18.4289
29.6083
18.5885
24.5014
29.9398
17.7708
21.9416
32.4009
20.684
14.8448
17.5224
31.3953
24.9769
14.6675
28.0386
14.2184
27.1417
21.258
22.8018
24.2233
15.8468
13.9055
19.9403
30.8146
18.5217
17.0654
28.7909
19.7153
26.0914
14.1537
15.1936
15.7845
22.9518
24.809
17.137
17.5081
18.7626
24.2988
24.5848
26.7009
22.1101
14.9955
17.5673
30.9765
25.9482
20.4165
20.8858
18.1798
13.9205
30.9079
24.0249
18.1453
29.8316
30.9732
19.6201
18.2702
29.3742
23.3772
21.2752
15.0339
14.4233
27.5236
25.2799
31.5871
21.4339
16.9856
30.5867
16.9501
21.1649
16.0739
26.712
27.6153
17.6098
22.6
18.4953
16.0497
22.4558
18.2126
29.52
26.4776
23.6722
28.8182
16.6006
29.2677
20.5647
14.6845
14.5747
25.9328
15.6647
32.2608
15.6025
32.6916
23.186
21.713
22.7863
13.8304
19.9299
22.8618
20.0077
11.6634
10.8182
10.1439
11.0858
14.5854
15.3014
17.9322
23.6145
13.7744
24.3976
12.2439
14.6346
31.983
27.1083
12.3396
14.9222
19.1662
20.4315
15.8081
15.7283
18.8634
32.0757
29.9051
13.5234
27.7112
12.6772
16.6145
31.0404
16.4076
25.4507
18.6467
31.8418
24.7058
17.2457
24.2352
10.717
10.5418
13.7102
13.0227
20.5122
21.5526
22.6503
16.8689
29.0833
13.2201
13.3846
26.6034
8.9758
17.269
13.3547
14.5419
19.8733
22.6932
31.1079
11.1332
18.495
31.7875
13.0168
20.9822
11.6649
21.414
11.6406
27.4674
12.8443
10.521
13.2066
28.1588
19.379
30.1248
31.1645
10.2107
10.7824
21.1067
18.4291
17.7738
24.733
17.8017
9.13362
13.4594
21.8757
12.3741
9.57786
29.0209
23.9358
12.8058
12.7425
14.2471
14.8105
29.4546
25.4677
18.0697
30.1142
28.5909
25.3467
16.4024
17.3935
11.9279
15.9561
8.79046
23.7657
23.2398
31.438
26.8134
11.5347
26.3799
22.643
9.98084
17.6754
9.15591
21.4784
9.84328
4.90061
7.45452
29.9687
26.0128
30.0913
14.4203
7.46854
16.2091
10.6405
9.19087
31.1777
11.607
6.52591
23.9451
15.9825
16.4605
17.9168
5.52125
30.6149
30.5064
21.1205
26.5735
28.7897
5.81475
30.2636
8.62623
22.6771
25.195
22.0175
25.4759
7.99991
6.78544
12.4047
13.5931
21.3065
9.93413
20.156
17.869
10.4111
8.43495
23.8441
13.0873
10.7505
17.23
27.2182
15.1546
30.8345
23.605
21.9155
6.71261
6.93994
12.2425
28.8082
18.1232
8.37188
10.4764
16.3182
11.3778
6.78228
8.07591
27.9012
18.8618
30.0321
13.3609
26.3217
17.4239
22.7697
13.4231
9.05131
14.8502
11.5217
9.74334
12.3369
23.6023
18.0754
5.59864
18.2171
12.4965
27.9154
30.4644
30.2385
15.1123
13.1338
9.79001
16.7136
19.2136
22.2358
11.5176
10.1848
31.1001
12.6226
8.31471
24.0312
27.6002
8.57135
29.1734
13.3967
19.0869
30.5822
14.82
17.0118
17.7172
14.7123
19.9514
12.2795
22.0475
27.792
26.692
22.2788
7.53366
22.2448
10.877
25.6386
11.4583
29.5397
25.399
30.3013
16.2665
6.64377
30.3566
14.5058
5.6498
7.46822
10.3859
14.5791
15.9376
8.21649
5.52675
13.9431
23.7595
10.4272
4.92588
7.54876
29.1857
8.16584
13.788
18.4475
24.5317
16.0324
6.55692
23.1944
3.25368
5.95703
8.70343
4.46222
13.9087
27.5331
10.4574
23.0503
2.11296
8.4378
2.22039
24.9805
20.4237
24.911
17.6675
22.9531
20.3421
9.92118
3.44219
20.7896
7.96002
7.88509
4.61291
21.1625
29.4974
29.5043
29.3497
28.6438
21.3815
6.87909
17.3787
28.0389
10.6582
7.03051
6.10897
7.66226
22.5474
30.2805
28.1783
5.80107
20.3989
7.98652
23.827
29.0499
8.61952
7.44731
16.2588
17.4736
7.57134
18.5512
6.17201
20.3698
12.489
18.0589
2.99242
10.9016
5.97201
11.0452
21.4331
29.6925
11.0392
13.9524
20.4517
30.1189
26.9275
30.0706
10.1447
5.96175
27.3053
18.8002
25.6734
5.4482
20.2124
19.6178
5.67251
14.8132
11.5758
10.9671
15.3013
22.9732
6.27521
21.5973
19.4705
12.1483
5.24709
22.0943
7.73221
1.14779
4.9701
11.5594
24.0725
17.5804
23.5503
27.9818
27.0647
24.3832
21.2249
1.59532
18.1138
3.56195
10.1898
15.674
25.8609
18.3331
23.0096
25.4285
21.5242
11.4509
7.93913
6.33437
29.0036
6.56613
4.48014
14.6129
24.7156
12.7154
9.75038
12.5943
25.6046
16.6028
16.9936
16.7767
29.1955
21.2696
17.7949
28.2524
14.054
16.3165
16.9308
8.18346
22.1593
5.54825
30.1965
27.3741
9.34773
14.4778
22.3472
19.8175
8.3066
21.1217
7.06343
9.13537
15.6656
12.4872
7.82307
28.2168
4.42366
14.7609
9.28839
26.4639
5.13356
8.36067
16.9324
20.0753
19.2257
3.90628
6.56626
12.2663
1.37926
26.7833
17.2723
5.5698
19.4969
15.7736
15.465
26.5103
11.987
14.2048
16.6394
23.3113
8.05328
26.6764
5.08492
14.3165
19.01
7.7205
30.6828
17.5349
6.75912
13.9956
28.9164
7.82718
13.018
2.9857
17.8121
7.72566
3.68146
22.1651
24.5621
20.6972
20.4307
24.0598
5.90723
6.50871
26.9467
19.3459
29.1272
6.1009
8.63068
7.42129
15.3537
6.46615
23.8635
27.3302
18.0154
9.64848
30.6498
9.9729
8.79407
7.43882
26.3863
19.3808
12.2211
12.1357
8.95589
7.75506
20.8636
8.65171
25.0284
27.3195
7.97004
8.17553
29.2585
23.3251
6.28957
5.04835
18.4667
7.15975
8.10123
9.47849
9.09364
29.2007
11.2427
24.6583
27.3758
10.6441
24.5321
29.4305
25.1439
10.826
6.70086
24.2862
5.68373
18.812
20.8855
28.9466
17.4763
17.953
11.3062
23.5617
7.74921
20.0452
15.3421
15.4168
25.7633
16.2607
9.40311
10.8531
26.957
11.4896
27.5858
20.2093
5.39532
24.563
26.527
11.8755
9.05118
27.8213
19.01
29.8983
6.21936
8.14627
4.11035
30.8689
14.6651
5.14031
13.1935
24.663
23.5859
15.1408
21.3022
12.6136
24.23
8.93866
10.7214
28.8437
18.2616
5.24038
11.476
22.4897
22.9085
25.4137
15.003
30.0522
11.588
12.9793
23.755
19.9932
31.2904
12.5037
30.2303
13.8848
28.7636
6.66644
17.8326
12.6732
7.07738
15.8767
23.2285
22.3603
24.5127
23.4195
25.0914
9.13199
20.4664
7.70762
21.2978
22.3907
15.5527
22.0245
13.5333
27.6354
22.8858
10.7208
13.7415
11.2583
30.0799
30.4642
25.4591
12.4382
11.5924
28.355
12.6075
12.6095
18.7577
13.6264
12.1774
13.1756
10.4683
19.821
27.3268
28.4751
11.1639
13.5627
12.2823
9.30249
30.0252
16.7581
16.4225
22.2278
19.9685
9.97806
22.6929
11.7558
30.2402
14.9003
18.1225
10.1763
11.971
12.5691
21.6418
16.6124
13.2945
11.368
29.782
16.7437
11.0588
21.569
12.521
21.7608
9.81849
29.0035
17.772
20.7003
10.9332
16.6248
22.5415
17.2368
30.134
10.8503
15.1267
12.5998
12.3342
31.2307
25.6097
23.7478
22.6783
18.5125
12.2411
19.0035
27.2964
30.9166
12.2633
21.5244
21.927
24.0683
30.8287
28.7252
19.6592
23.7116
15.9093
28.7594
19.5927
10.1834
27.6391
27.664
11.3752
17.2806
11.9398
11.7411
18.6854
11.9936
20.5915
14.8488
22.3665
12.0384
28.7805
20.2443
12.0366
19.4254
26.2284
15.129
14.2006
20.6813
31.9794
21.9882
23.5336
13.6826
21.4947
18.9675
13.412
24.2204
24.6951
27.7914
22.2581
17.7961
27.0169
20.221
19.6941
16.7351
15.482
16.2779
18.7203
24.5607
23.1073
25.8297
17.6686
31.9155
20.8666
21.0781
19.7097
13.8318
29.8038
15.9595
16.2595
20.4167
12.5331
13.3702
19.5134
31.7049
13.4809
21.3711
29.0481
14.8738
13.76
16.4354
18.463
28.7234
28.59
24.1871
29.3921
20.9678
24.4801
23.5313
14.256
14.7615
26.4628
14.2478
15.4356
19.0273
16.999
15.7332
26.6907
19.9902
21.1731
16.2755
27.8592
28.71
26.8663
29.4788
16.6322
31.3021
14.6741
18.5176
16.5663
22.9279
23.1179
17.278
17.9773
22.2335
24.5308
23.5121
13.1055
23.9739
23.7685
31.9675
27.007
28.2204
20.8496
31.1646
19.4389
26.615
19.6105
18.3886
21.9943
19.8602
30.6784
17.6718
31.0521
31.8415
23.0667
25.257
32.3818
21.4327
26.3227
26.2177
19.9097
21.7901
22.4407
19.7468
21.7242
17.1324
28.9448
19.7336
31.1548
27.2495
30.6685
29.6795
20.8011
19.0003
21.3894
33.9525
19.0277
18.4727
21.1713
18.2746
18.81
31.1117
28.1286
18.214
32.6397
21.3685
26.9581
24.7409
32.8014
32.2371
19.7633
25.1142
21.5457
30.338
21.3244
16.3304
26.2548
28.1539
22.8921
21.0416
26.4043
33.0858
30.8072
19.939
19.8055
16.8462
30.236
32.6031
32.7258
24.8363
18.4125
22.5578
17.1176
28.8102
32.8838
23.9117
24.0062
21.4558
20.7093
31.8648
26.6503
29.576
22.1345
22.0474
18.2555
26.6644
20.0023
19.6001
25.5626
27.3681
24.1447
20.112
32.8493
22.7038
18.9545
25.9041
18.0157
23.071
30.7925
21.577
30.5646
21.6332
29.2058
28.2631
26.5355
31.601
26.6351
25.373
21.0939
32.1137
23.1206
25.9796
33.5809
24.538
24.39
30.8235
21.8403
35.4272
24.4134
23.5861
24.2267
26.0471
32.2818
30.3297
30.6991
32.3483
21.8549
31.9855
23.2872
28.333
26.4364
33.6372
34.0792
28.1829
25.1406
23.8409
22.7325
31.1906
20.6269
20.9858
33.4126
24.2489
27.4848
23.5077
27.8083
33.7439
32.9072
22.9711
30.8725
21.4443
28.2824
34.7858
30.5472
24.7234
21.3857
22.8212
22.0457
32.1909
22.1861
25.6329
26.3016
28.6633
27.3091
26.8098
24.5799
26.9818
26.5995
27.4099
24.1321
34.6206
23.5811
34.2843
21.1289
27.167
25.2365
33.2205
30.5835
34.9256
29.1099
29.5086
33.548
28.4423
26.6477
31.7551
27.8762
27.8777
27.1849
35.9475
30.3518
33.7829
33.3704
30.5022
31.7318
33.5718
25.478
35.1705
27.5292
36.6328
25.9399
27.9753
33.5064
26.1682
28.24
24.6261
26.9569
27.8573
26.2445
26.4008
28.8614
34.9343
26.1789
33.3908
29.1479
29.4474
28.9324
32.4631
31.3964
31.3607
36.6651
29.3625
31.1643
35.7816
28.0677
32.9889
27.9528
25.1475
36.5624
34.8155
25.2351
36.6254
35.4519
37.0068
34.9554
33.7309
33.2842
24.2469
26.2992
26.1741
32.4902
28.8376
30.3667
26.0298
36.0486
35.7912
24.5049
27.5376
29.3497
26.7133
36.234
32.9394
29.1981
31.7728
24.4332
35.0625
27.7806
27.5954
31.5466
35.4497
26.6386
26.6142
29.5965
28.6053
24.2622
28.2657
24.5787
26.2628
31.0674
26.9402
30.8117
33.5746
25.9426
28.5239
37.2063
26.6429
36.3535
25.1799
35.1985
