26.5491
25.766
26.2562
32.8544
30.232
23.5755
33.1867
25.4082
25.1406
30.1434
28.7757
27.3258
25.2881
30.3924
34.9885
27.4634
31.4531
25.9971
30.598
31.5037
25.864
27.286
26.5065
33.5525
33.5118
26.2205
26.575
35.4929
33.2044
33.801
27.7419
25.0552
25.0371
29.577
36.0057
29.6194
27.7797
29.0646
30.7281
28.7313
30.3006
27.4657
26.7615
28.6698
27.9129
29.4699
23.7527
31.4998
34.6653
30.5002
24.4499
33.0518
26.888
23.9884
27.4366
29.4685
24.7201
35.1697
28.3043
27.3877
31.9763
31.6199
26.8126
37.1697
31.9442
29.76
25.6481
34.1654
29.6801
24.3593
30.1007
34.9667
32.6148
26.4077
35.378
27.818
25.7136
24.332
30.0284
35.4237
28.478
27.1756
30.5661
25.6427
33.4698
27.0795
31.8015
32.4231
24.5279
27.8599
26.3777
31.8256
33.7105
35.6791
29.9692
26.765
25.8585
24.9497
34.2271
24.1808
26.2949
29.3405
26.5909
27.0684
22.9353
29.9774
24.8175
21.1664
28.0373
25.9393
25.3934
21.7241
26.6277
24.1203
29.5292
26.3794
26.0938
27.8455
31.8416
29.5721
25.9146
22.6602
22.9669
25.827
30.751
25.0945
31.8581
29.6258
27.0596
25.4999
24.6227
27.5947
25.8041
20.6098
31.8735
30.7424
22.6542
25.3452
31.9944
26.0958
25.9816
26.5184
28.0659
30.6658
25.2474
25.8541
26.3423
23.126
22.227
22.6994
26.1573
33.6913
20.8408
20.6228
23.5829
23.6354
24.32
27.4368
27.493
26.9337
34.6897
22.3254
24.9181
25.0021
27.6021
20.9544
31.3481
23.8955
22.643
29.2105
25.4271
21.5253
22.2456
32.1311
26.8184
30.8238
26.3917
27.8895
26.9078
25.4639
26.1515
22.334
32.9427
31.6185
33.1141
25.6818
23.4225
33.1238
31.4969
22.9651
27.5874
22.5052
30.9564
22.736
31.968
26.6036
25.8638
21.6976
22.9136
26.2741
24.3695
33.9675
22.8155
28.5907
22.6349
27.6459
19.7286
16.9976
18.2119
26.0604
22.3531
21.3531
29.537
26.0084
18.7781
32.5457
31.4209
28.9113
16.8185
17.6661
25.917
22.3253
20.2835
18.7219
18.4154
21.4745
30.1799
27.9324
21.4272
24.1776
20.3214
25.6764
20.9661
18.7288
20.1346
18.2468
25.715
16.6731
18.6289
23.6948
22.0756
27.1978
31.7068
16.9946
26.3
19.2652
19.4337
30.0171
22.5008
28.5904
26.4052
26.1563
23.8353
18.8563
27.9333
21.1925
18.7034
30.74
19.6201
21.9734
17.1386
26.4272
20.565
26.5799
24.2237
17.0724
19.568
32.7431
24.0122
27.2982
29.0678
19.1123
31.8773
32.9788
22.9154
32.0739
25.7364
21.2117
32.2653
28.2947
16.9234
19.0528
17.3207
19.5388
28.5035
17.6627
16.4437
33.5215
18.7666
19.384
30.7804
23.4438
22.7647
18.9337
25.3584
18.3897
21.1477
32.1922
18.6481
26.5899
28.2765
29.8417
20.6921
31.2924
25.0301
16.5149
23.4583
14.5161
30.6609
17.3501
13.8052
30.8273
15.1805
19.3643
25.1728
22.217
24.9292
28.0924
27.3266
14.2924
18.9586
18.9247
21.4135
14.2015
27.0396
23.3867
14.6643
12.1468
25.6877
12.7108
21.9871
20.414
20.2424
13.8044
30.9483
17.26
26.4052
23.4122
28.3024
31.7139
25.6522
14.159
15.0149
26.5675
20.3732
31.4284
15.7517
13.8354
20.1516
13.3885
18.9543
22.7632
18.0953
23.0551
16.5262
25.5399
24.4781
20.1532
22.0075
29.6226
27.4348
23.3368
24.0817
24.9794
25.1187
17.439
30.9696
13.8598
17.8491
22.4529
14.7396
18.0442
14.7527
28.2879
30.7183
28.0608
16.3985
15.7949
24.4581
22.2417
31.1673
21.9323
27.7147
28.8816
23.3321
21.8895
15.6799
13.0529
25.0497
19.0912
21.135
29.4853
15.4467
28.6874
17.4012
28.4352
21.9872
17.2037
20.4108
23.0949
16.0342
30.7934
15.2758
17.8955
14.421
18.4989
22.8034
22.1244
15.5545
24.0009
21.0994
26.0424
18.4184
31.8134
30.8023
30.103
12.1808
16.0889
23.4737
23.6309
9.78261
28.9557
9.11542
10.956
10.1264
30.0547
20.2688
20.4399
13.0424
13.7074
24.3059
16.6946
19.9619
14.8597
20.2808
24.0156
22.3356
12.0304
11.748
9.97199
11.8748
18.5797
20.5879
15.4704
25.8114
26.9627
30.0969
22.8035
8.47873
14.7125
13.9438
9.91111
12.3081
10.7968
27.7545
19.5801
17.1735
8.84876
9.582
29.3113
19.4371
26.5477
11.1859
19.3323
18.5974
10.3569
18.1961
21.3224
28.8784
17.5117
12.4321
14.8663
29.8559
13.3604
9.38361
21.7543
12.2915
12.1248
25.1103
26.7834
13.1052
16.7835
28.9661
25.4493
15.2803
24.4385
19.583
20.4592
15.5508
26.4086
14.4857
22.8351
11.0284
22.9245
15.6207
29.6842
9.92826
14.8313
29.7982
29.1836
18.0364
24.4711
25.3794
18.2583
20.322
14.9826
25.7135
11.2944
14.7899
16.7529
11.0227
30.2764
19.8635
20.298
12.6264
21.4442
13.9225
26.6756
16.2617
29.52
22.0876
25.0393
21.6248
11.193
18.4727
16.0838
22.2708
21.3556
27.2309
5.73247
30.5034
12.6989
10.1624
28.7077
9.30697
9.12783
5.88124
7.6323
20.7322
19.5204
7.98246
5.99473
7.93079
5.51204
23.9797
25.9922
6.33974
7.36786
13.177
23.4123
18.3264
29.9027
15.5052
24.0796
11.8556
5.04046
22.337
27.6243
15.3252
26.086
7.56795
16.7133
21.5566
20.0285
4.97014
22.1488
19.4928
17.261
11.448
9.97928
10.4237
11.2919
23.0425
16.1688
13.4637
12.6405
13.651
15.6753
6.25515
10.8998
13.2031
27.3789
16.7162
16.1617
7.50682
19.2638
18.1981
14.4881
24.7746
24.6828
29.4937
12.0541
9.78916
11.876
6.86813
19.3381
21.305
18.1357
19.1672
6.71028
17.4172
23.2184
27.453
27.2693
8.78543
29.1114
6.17558
10.9693
18.4
7.93508
27.3415
27.8208
8.80028
23.6354
15.8925
10.4568
5.69218
23.8038
23.156
11.235
21.2972
14.6765
16.5337
18.8966
30.2923
15.9128
22.9211
16.7402
28.9379
20.531
10.8663
10.5582
20.3195
21.2857
16.3491
13.0152
4.55585
18.0642
8.22094
8.01454
12.8474
2.5227
24.5326
11.2723
3.23349
18.2077
17.7385
14.9082
14.8957
26.7796
16.8827
3.06716
18.4518
5.91418
12.4991
30.2242
5.98529
26.8216
23.9205
16.1346
12.9838
23.5953
16.1601
25.8046
19.0082
12.8622
9.67063
10.9481
16.8342
16.6334
24.4779
25.1118
12.5505
5.87777
19.2744
22.4921
14.1038
10.8714
11.3525
22.7492
17.4672
24.8341
11.3594
3.48346
2.08182
25.3247
20.3614
18.4172
4.06727
2.15908
20.3521
19.3942
18.5472
7.35329
12.5832
27.9111
27.0698
13.1536
17.2844
3.96815
17.2067
2.19292
14.2001
15.8782
17.7349
20.5223
28.2682
27.3582
27.0473
27.1933
15.6792
2.88485
10.1595
28.1485
17.1195
3.16499
13.215
4.28355
11.3847
15.8185
9.77795
7.57098
28.0812
26.6673
3.50942
8.23715
21.5084
10.4293
24.4191
12.7194
20.7521
20.7964
12.3169
28.4881
4.1867
8.4701
16.8493
0.671278
21.7835
20.3662
17.6867
28.3064
13.7007
23.7463
13.1098
20.6836
11.7615
29.6213
1.44231
2.85209
20.2426
26.7606
19.4983
20.1712
4.95975
11.1168
9.01909
2.63945
6.05021
12.7218
25.2418
4.1623
12.1725
4.48768
5.91014
23.3508
1.35064
18.2043
25.0145
11.1574
13.9155
8.36333
24.0779
12.3652
8.66997
9.37178
10.8464
24.7803
1.55258
27.441
8.51891
21.0463
30.0213
25.3517
12.2124
24.5505
25.3762
6.01617
10.5284
23.1326
15.4548
3.1477
5.35515
23.5057
3.98489
19.0456
25.7033
1.20469
19.3
20.4449
18.7079
7.35775
22.3929
22.6095
12.9141
6.73793
3.26056
10.9716
4.47757
24.3452
20.6352
17.6463
7.25745
5.1605
6.00252
21.6567
9.47191
19.4732
4.02752
21.2258
12.66
5.15829
8.03157
18.2772
17.9563
8.54409
5.22622
9.58246
4.06935
13.2777
15.7928
9.13975
8.38223
20.4421
10.8609
28.1409
20.9679
8.8553
10.0379
11.3264
25.6887
28.8033
13.6882
29.564
11.2347
29.966
27.5712
29.4037
26.6087
1.97459
14.3319
13.807
6.97058
20.3313
23.5424
25.5429
12.094
25.1791
11.8228
1.68363
7.07688
23.5585
1.95875
3.78281
3.55843
19.5087
12.3349
11.2292
3.69974
11.5772
27.3523
24.067
26.701
29.5871
20.4772
8.97794
23.9071
10.7488
22.0187
6.08014
11.3104
19.6709
15.8802
8.80346
21.8712
8.00051
6.41416
9.17863
15.199
25.4618
14.3065
28.9525
6.95092
17.2877
8.24821
9.97167
30.0695
19.7772
26.4231
6.29965
7.98155
23.3092
11.3063
14.2848
29.1542
9.60932
16.8554
5.91738
9.44615
15.2533
17.1437
11.2953
14.1516
22.266
22.2648
7.40176
26.6922
30.4586
30.7136
23.859
12.6543
30.851
18.382
30.7789
27.0383
26.8789
20.591
15.002
25.641
10.7965
28.316
22.8628
22.6013
11.8211
29.8621
6.29675
5.46383
7.74955
17.8384
6.6817
27.173
20.7692
16.0299
13.873
10.9242
26.8312
8.9568
21.7755
21.0455
26.9706
7.01686
7.31526
21.7715
18.3082
11.2324
9.62146
10.0191
18.7895
6.86827
5.71154
17.9932
15.6806
12.6019
19.0495
23.0424
19.6127
27.6408
22.8279
13.059
25.5914
17.6881
27.0269
10.0206
23.1688
14.5881
26.6364
12.5811
28.6675
23.0786
7.52223
6.45836
26.4111
8.95068
20.3416
12.4862
8.08411
14.5287
13.3767
14.1421
22.3066
12.7462
12.5263
25.7644
8.64525
6.70602
7.78587
19.7973
11.1188
10.8145
17.2399
19.9803
31.059
13.3769
15.768
15.9779
10.0342
16.7486
18.9931
13.4727
17.3477
13.9328
21.5513
30.4907
30.3742
25.1624
10.4246
11.6918
17.2313
14.5571
13.5184
13.3182
22.7244
9.35734
15.4187
20.0407
22.2365
26.7401
13.4506
29.3599
12.3009
17.1165
24.6229
9.81601
26.0097
18.8642
16.3447
9.34867
11.8458
31.1647
17.8432
29.9161
23.983
15.4967
11.9991
12.8832
20.5149
19.1149
13.1374
9.51081
16.5238
14.2576
12.6913
14.9395
14.5062
12.1781
24.7337
17.8244
21.6159
20.012
12.754
29.6691
17.8585
11.3588
23.7905
24.9646
26.8136
29.9997
22.3354
12.7266
20.9783
30.0855
9.15039
28.2441
20.3684
11.22
28.0995
24.7229
15.2655
28.1357
21.2348
14.3474
11.7828
18.2491
16.2056
11.6555
17.5085
19.5778
21.8309
13.3372
14.229
14.6238
14.8506
26.2051
11.3043
15.133
13.0626
30.6296
29.4576
15.1424
22.0824
12.868
13.0673
24.7529
24.5198
13.561
18.0961
19.5441
16.8242
25.902
23.2717
25.5934
22.5282
22.883
17.745
28.016
16.9243
23.646
15.7781
14.8269
20.3015
19.8399
19.7177
21.9661
16.7966
24.5106
14.4236
18.4285
13.928
30.2829
23.39
16.794
26.2631
25.8956
17.9898
25.7399
22.9221
18.2067
19.9454
19.0325
27.0538
21.2308
18.3163
13.4309
18.0607
30.614
15.2641
15.0687
18.017
22.6362
29.3217
16.741
15.844
26.7322
22.1932
16.7209
15.8478
16
16.2898
16.3331
19.9313
19.2683
26.8202
24.5478
21.0921
15.0137
14.8294
12.7392
22.5106
20.9269
18.8157
17.8781
19.9586
32.245
29.5844
24.4731
16.4048
31.3711
18.5576
18.8667
13.8248
25.9579
17.9357
25.0975
25.1316
17.0032
22.2757
16.6095
30.9324
16.27
25.4615
15.4278
17.9939
21.3459
14.9869
30.1405
23.1552
21.1117
16.041
22.3731
16.7259
25.7761
29.059
15.9328
14.8122
16.7161
17.452
30.9977
21.0871
17.1377
28.7122
27.0285
14.1776
19.573
16.1746
22.8122
17.4544
24.928
13.7361
16.2183
13.0034
27.7151
21.49
25.7558
19.9207
29.4398
16.4313
16.2083
28.5457
18.0659
18.5293
28.1137
21.4965
17.3752
19.2848
24.4398
30.8741
17.7979
28.8376
30.448
32.47
24.6798
31.6376
32.8689
29.1599
33.2734
26.9176
21.4046
27.5188
20.6426
30.1646
22.9843
33.1864
17.8992
19.3608
31.773
21.3705
18.9054
17.6229
27.7606
32.5287
28.6904
17.7349
23.606
17.8081
25.6527
22.2091
26.5738
24.9976
29.8203
17.1407
23.762
19.8378
19.4301
22.9489
30.301
24.1013
33.1696
33.1929
26.5792
18.1015
26.2374
23.8179
31.5576
20.3002
30.8537
20.609
22.3516
23.7346
32.7131
30.384
27.131
18.8919
17.7194
21.6759
29.2315
19.8967
26.1564
34.3129
27.2322
28.9318
33.4514
33.673
28.887
20.5199
19.4729
31.9191
20.6015
29.7734
21.3496
26.7543
32.9458
20.9783
20.9615
26.6453
23.2471
26.16
19.6765
19.7373
22.3513
19.4919
19.3171
17.2508
26.2839
20.9765
22.9628
22.5857
18.6158
26.6034
19.5641
25.8558
20.8542
24.7372
25.0263
27.8745
20.0513
21.4569
20.1522
23.7325
28.2662
26.1042
25.6169
31.5821
20.2756
25.4534
30.5219
24.1824
31.0298
23.7909
28.4972
22.696
22.3472
22.796
24.3934
24.9144
23.9129
24.3115
34.8525
23.4168
23.1012
30.6843
22.9727
21.9073
28.9737
28.6136
23.364
22.6764
22.9834
28.0671
21.2108
23.0033
28.4087
31.983
25.7358
26.6938
24.849
30.279
31.9295
29.4367
27.4672
23.3037
25.9522
22.5743
25.1655
32.9564
25.5471
28.2029
23.0552
23.9242
30.9289
34.0931
23.6736
25.4438
22.1215
30.952
27.0732
29.1818
24.1756
33.6115
24.1668
21.3718
28.4422
27.6872
34.2834
25.5577
34.4563
22.5289
33.7602
31.7706
23.895
24.2285
23.3626
27.1816
25.144
29.3188
31.4809
28.3268
31.7419
35.5765
32.5475
25.4533
25.0332
24.2539
23.2243
23.0713
30.9686
24.2677
29.9415
25.8557
23.0438
24.8146
23.9502
31.6523
27.691
32.9187
32.6289
31.4002
20.6209
30.3189
32.8102
25.9098
23.2483
23.3021
29.3614
26.4686
31.188
25.0006
28.0121
26.4423
36.4962
32.5735
28.3132
27.2854
31.3862
24.6536
26.1696
29.6573
30.1668
25.0185
32.8073
34.673
27.3836
31.4718
29.0496
36.695
26.2144
27.6117
25.4745
32.8064
27.3512
34.1086
26.1703
26.9065
25.8456
30.2533
35.77
29.1496
26.0024
30.9226
30.6589
25.3929
29.0541
24.1579
26.2534
31.5209
26.5365
28.2591
30.9357
31.469
24.6844
25.6969
28.0076
25.7262
30.0631
33.121
24.7377
32.9742
34.907
26.2919
28.9011
31.2313
33.3097
36.5492
26.2778
33.4116
24.6317
30.1933
26.6074
30.2215
27.232
29.2294
35.0104
27.1335
30.9768
24.5145
34.4212
25.0077
25.4181
35.7313
26.9041
26.5374
26.162
27.695
27.4675
28.2692
31.3258
30.4073
29.6053
26.4745
28.3374
25.9066
33.5577
33.405
26.2496
34.4818
26.281
32.2229
29.3248
32.4724
30.201
34.2865
35.2719
29.585
34.3282
25.6618
26.2642
26.4601
27.6777
28.4472
25.8158
35.9701
25.3122
25.7279
26.7404
27.1382
35.973
33.4671
34.7532
26.8795
30.031
30.4506
26.2406
28.0055
26.5511
30.7331
29.2871
26.3974
26.1473
25.7896
29.1562
25.386
29.5551
30.8712
28.3599
25.8033
29.0856
32.2914
24.6103
30.6515
27.5123
36.0864
31.5327
26.489
26.6003
36.14
25.8722
25.6878
29.6871
30.5759
33.6581
26.579
32.4978
27.7616
23.92
29.7707
23.9265
35.6299
35.4851
31.4571
25.1233
25.4253
27.9014
35.4701
24.8953
25.1861
23.4754
22.9821
26.5306
20.7752
22.3138
23.7345
23.6572
29.8287
24.0676
22.9818
27.7495
22.4396
23.2483
21.9692
32.1429
28.7407
30.0379
25.9395
30.9554
20.6282
21.5203
31.4604
21.5067
22.1768
29.9634
24.2018
28.426
25.811
21.1018
24.7952
24.0541
30.1578
27.4616
32.1852
22.9329
20.9627
29.6629
30.5236
23.4427
23.8328
23.9611
28.1481
28.8307
28.7719
29.8659
22.2518
25.2317
25.237
29.8092
26.1954
28.4779
23.2231
24.9785
28.7524
21.7247
28.0886
32.5015
32.0715
24.3636
27.7037
33.2537
24.1559
25.8003
23.7003
23.2021
35.1943
24.2355
23.7911
24.0849
27.5748
26.519
21.5916
22.1311
30.6041
25.1341
22.2003
28.6891
30.3826
24.1558
26.232
29.2381
22.5901
22.6952
23.6816
34.5973
22.4219
28.2884
26.6134
22.8976
30.3554
22.9602
31.6773
27.8668
23.6939
24.669
23.4013
24.0491
25.3636
34.4219
25.0906
32.8925
19.7847
22.4452
17.858
20.5772
27.2695
21.4992
32.7743
23.8333
22.1257
26.4101
31.1948
18.3649
22.4559
19.8352
24.4278
19.7022
28.7808
28.921
28.0803
25.2929
25.5219
19.4215
17.9896
26.4628
19.5502
32.8993
33.2077
31.0821
29.2613
18.2901
20.9599
26.8024
24.1708
29.0534
33.4654
31.0956
28.2439
23.2108
19.8123
31.9824
33.0453
31.4696
22.5854
28.9613
23.2853
18.9347
19.7743
20.7222
20.2304
24.9918
19.4963
16.7557
25.8718
24.3403
23.8197
22.541
29.9978
19.152
18.7104
32.2206
20.63
21.3299
19.8689
23.9539
22.0224
19.0703
29.2735
30.75
31.0196
20.709
17.7706
26.0963
20.6615
17.7483
26.8154
20.2269
18.28
29.0963
24.9953
17.3122
18.5297
30.0585
16.5652
26.5993
30.4034
19.0447
22.9696
31.6727
19.3873
22.4541
23.7775
25.3242
20.7142
30.1228
22.5268
17.1654
18.2276
22.9922
27.0551
25.6495
19.7722
26.3466
23.2716
23.8353
31.1238
33.1731
21.8272
24.4333
21.9885
14.1448
16.9912
14.2364
30.1254
26.0111
28.8146
25.2478
14.3359
17.1766
14.4393
15.8586
30.1536
27.274
25.5928
16.2588
15.661
16.1781
16.0468
14.2529
28.086
30.8972
15.7537
23.0621
15.312
13.5821
15.0272
23.8086
13.6148
30.9138
14.8558
24.3332
15.9971
15.7123
25.2973
20.4225
24.1744
19.13
27.4019
17.0492
23.1897
28.5768
21.8227
14.6092
13.6496
23.8046
18.6994
21.9721
13.1742
31.7752
21.4105
12.7392
20.0596
15.0595
20.153
18.3777
17.0157
14.7348
19.838
22.1588
31.0034
16.4325
21.9134
18.1898
26.3349
26.8616
16.5606
26.652
29.5752
17.5243
24.2959
18.2701
21.6003
23.4287
22.2429
29.1502
26.9124
24.6363
28.9377
17.4217
21.4887
25.1422
16.2414
17.2518
15.8189
16.3416
13.7962
14.0313
15.8114
24.069
31.1332
21.048
26.2641
21.0424
20.1096
19.6485
21.7765
32.0062
13.6611
14.5979
29.0774
29.1297
14.1917
26.3917
14.4261
27.5416
14.8288
17.6533
27.4158
11.9775
11.8045
13.369
26.8023
10.1752
24.5362
12.6468
22.4039
23.189
12.2159
24.3804
21.3477
30.8342
11.6496
16.2942
27.5584
22.9471
12.7392
26.6914
15.8416
8.58667
26.3943
16.7593
20.4802
27.9805
13.325
25.9323
24.4491
13.9784
29.248
10.7474
24.0654
9.94325
17.2799
11.3672
12.9641
14.6686
22.7038
30.7627
22.293
21.2899
20.7896
14.8049
20.7023
29.8725
14.3457
16.6095
12.2101
22.2617
13.7257
8.73606
12.8252
20.374
16.5595
24.6298
16.8914
10.5376
16.1362
23.6039
30.3662
18.8985
19.1316
16.291
8.96746
11.1425
31.6117
20.6512
13.8599
30.1425
25.0548
11.5177
25.5546
28.9945
30.9872
15.4325
25.5927
18.0595
15.4922
27.8137
26.6054
20.4787
20.6451
12.7119
26.7822
23.9276
23.2947
10.8146
9.86073
12.5989
12.9076
20.0557
24.1787
16.4404
24.6305
16.3208
9.1296
18.6168
20.31
16.8164
22.3798
14.9074
11.2003
25.2688
18.6732
16.4649
18.9081
20.7925
24.1372
14.6357
16.9613
5.89113
26.0955
29.056
14.7695
11.4571
29.5197
25.3726
17.165
14.8072
20.0832
18.9164
19.0605
24.1365
28.3452
25.7278
10.7567
10.1324
11.1134
8.89981
8.03806
6.76129
6.82444
11.0899
15.8681
8.25104
28.2402
13.2053
8.57075
27.1451
10.5004
19.7847
28.1642
28.911
8.26827
6.24748
4.8692
16.839
9.46231
6.77245
15.3377
16.9337
24.7764
8.05221
12.5551
25.2337
30.124
18.4637
24.4322
15.1416
30.1128
25.6411
27.9439
10.4893
16.9224
12.011
28.5131
26.0685
9.23929
19.756
23.1402
14.1311
25.0418
21.7065
26.8769
10.8802
13.5089
8.18714
10.0273
18.6465
20.2193
24.8839
12.1652
25.453
6.12802
6.81902
11.1024
21.8016
13.1871
7.25599
11.3199
12.7286
15.4472
19.1999
16.9646
7.75607
26.985
20.3259
9.6879
8.56506
13.3941
9.09599
21.2057
8.54444
7.39828
27.6741
19.9092
7.36677
8.58312
24.6866
23.4828
29.8714
9.86956
11.4016
26.1012
26.6944
6.37819
7.35306
21.8571
17.9737
12.9185
16.7111
7.008
6.97716
9.52828
19.2277
28.1899
17.2602
7.22788
15.9093
13.316
10.6792
17.936
18.1953
29.8949
15.9637
16.9407
18.9587
6.59851
2.7056
24.7723
20.3287
27.255
7.26523
24.3805
17.139
1.41822
8.65312
15.6962
21.3036
29.1958
18.4166
22.3779
16.4921
24.8038
28.1745
2.14846
7.2576
17.1552
13.0007
7.46472
3.67249
24.4848
3.13991
28.8117
23.4243
5.01853
2.85461
3.87281
14.5013
15.2016
9.10294
5.69293
14.2745
7.44375
29.8116
28.2406
18.4183
21.8065
22.4927
23.5058
15.8524
7.78744
9.80654
7.70877
13.6451
19.4933
19.3596
12.9026
18.8689
24.2118
11.5633
7.48867
16.7718
21.5749
21.6617
25.8185
3.20909
2.72422
14.126
6.86621
25.911
23.1365
23.924
12.3589
10.9804
17.507
3.1037
20.651
20.8586
1.94459
7.73637
4.01095
4.10055
15.4966
12.9737
18.6837
10.2611
28.0182
4.28648
9.07297
28.5805
8.64284
5.50251
9.93741
8.76553
20.8067
19.0764
29.6251
12.2874
22.4285
25.6516
6.48461
24.5235
27.5539
16.3632
13.2692
4.5833
28.1307
9.81798
5.53714
11.9012
8.06538
28.4779
22.4363
26.3626
25.1637
18.9029
16.8027
15.4662
8.93969
6.14427
19.8726
19.6155
5.7647
28.2579
13.4292
24.9653
27.2206
1.78338
12.1441
12.9171
11.0832
6.95655
12.9039
27.1203
5.40932
20.8798
27.4722
23.1531
25.255
19.4276
27.4842
14.4424
5.89483
6.1929
6.98516
10.1525
17.8657
7.50927
25.0061
10.1339
7.24224
4.4421
12.9892
29.8765
3.23685
16.2013
12.5511
3.27869
19.5644
24.5258
16.9392
6.98582
15.3457
27.859
25.2044
2.04803
13.515
15.9796
19.4954
11.5563
19.4587
6.32957
12.0962
22.5564
7.44419
4.78329
19.9648
24.6144
29.928
23.9387
8.57122
17.9205
20.2595
23.8153
23.3321
23.3359
25.6955
14.8124
16.3187
11.861
23.8917
3.086
6.49989
19.1841
5.92924
6.04211
22.0359
3.2479
14.3253
13.2675
16.6228
6.7021
7.03459
11.9302
27.6763
5.77952
16.5039
11.5821
18.7898
4.01007
2.54183
17.3293
15.4054
16.4382
21.3604
14.4949
8.37976
25.8003
12.9215
28.3212
25.4385
14.9655
29.3818
25.186
15.2147
17.4679
5.45049
21.9181
22.609
12.1252
8.06788
20.5433
20.5898
28.2815
24.2246
8.98928
15.3293
14.6183
18.3351
24.641
16.1441
9.22021
11.8913
27.9739
27.5735
16.7683
10.918
27.0023
21.1156
7.70663
6.8287
8.17164
11.7434
4.04884
21.2731
10.4483
29.3196
17.6904
10.4471
18.0123
5.56304
19.0986
23.2468
15.6431
8.40497
23.798
17.2393
23.7426
30.5341
5.84954
8.51653
27.925
15.427
16.909
11.0518
9.97795
27.529
15.0721
9.45354
20.9261
8.73098
19.9194
15.1059
30.0577
8.84409
15.0311
15.7018
22.2135
17.061
23.8198
9.96116
5.60529
9.92514
6.42852
23.5603
5.42172
10.8264
25.0533
12.6185
20.0824
19.8308
22.9265
12.2119
25.989
4.64956
16.7392
22.0555
21.9299
12.3333
10.7101
21.2739
19.5652
12.8983
27.9446
21.8537
11.7484
12.4147
5.91644
16.9665
29.481
18.3685
15.2709
16.5495
23.398
25.3226
9.36882
19.6563
23.8803
21.7862
25.1523
6.93607
6.66142
10.8377
23.7697
27.0246
8.21356
22.5458
24.3984
30.052
19.6979
23.311
13.6154
16.0359
17.9608
10.1666
10.5104
19.7101
17.4263
19.1218
20.7038
13.6449
20.5753
10.942
18.4488
18.0844
9.83494
16.7679
11.6104
12.9437
15.0622
26.2554
17.9238
12.6219
12.5417
27.8449
31.748
25.2586
10.758
26.502
14.581
11.8807
29.0615
14.28
9.56364
24.4099
23.6531
17.6372
25.52
22.5638
17.7586
30.7039
18.9834
11.0301
21.5812
15.9163
24.6343
10.8708
10.4734
16.5826
26.6387
17.3676
15.6076
25.7384
19.1439
16.8712
11.9298
10.8743
8.46501
19.6137
10.9098
11.5219
11.3761
12.1821
22.4635
25.9149
27.8255
18.8483
14.2071
28.0157
14.9422
20.9722
19.6672
12.1616
10.0525
12.0782
25.8759
18.0458
20.5932
13.2294
22.9716
13.2181
29.0947
19.8675
25.1732
31.2768
23.3818
12.6159
9.2313
11.7282
14.2645
27.8725
17.1612
14.1513
13.1774
11.2381
12.9169
22.5527
28.4815
21.2849
29.1526
23.9288
30.2393
21.1647
25.0948
20.2438
8.34723
27.2519
18.4978
19.0658
12.7411
22.8473
17.5969
20.6392
25.4151
14.6801
17.4017
23.6457
15.292
16.5916
13.9331
17.3094
32.5354
32.3204
15.1161
24.0909
14.5724
16.9414
17.7338
26.2772
14.2988
30.7915
30.1089
12.537
16.5108
13.2471
17.8454
21.6227
16.1032
14.9233
27.1384
17.4738
15.7208
18.4949
27.2549
13.6278
16.4157
18.3643
30.4583
19.8013
14.1789
17.7707
27.0553
13.5564
19.3354
21.1158
18.6255
15.9547
21.2088
26.5026
16.7144
20.4221
27.8662
13.2207
14.4208
17.6724
24.3368
24.9328
12.9403
14.0085
16.8132
27.3691
20.1447
13.5465
15.7792
18.7522
29.0145
15.5645
24.9706
16.1806
14.4952
24.9226
31.2283
16.4047
17.3585
31.7151
16.6898
18.6705
24.5604
24.4443
12.9518
22.6981
23.1572
18.5599
20.1996
14.6892
27.6444
17.2452
20.3527
16.4791
13.2666
19.1194
17.6076
30.8742
25.7948
26.9627
14.8112
28.2759
12.7549
12.4493
26.3587
14.5589
13.9556
30.3096
32.1648
13.7555
15.534
15.6898
13.3665
13.26
12.5342
12.353
14.6219
28.4644
18.1126
21.1502
22.173
13.235
14.8402
15.8859
18.6694
23.5956
20.5038
26.2652
18.7859
25.5441
25.502
18.319
16.4811
25.0068
18.4948
30.7247
18.0129
23.1964
18.2262
24.7128
24.134
17.2405
20.4221
29.7884
33.6751
18.3985
26.0862
24.7084
18.186
25.7226
19.3453
19.5228
19.7918
32.4969
19.1171
29.6131
27.6516
27.8281
32.5913
32.4062
20.2673
18.3625
20.6845
19.5335
17.4097
31.0726
22.0269
21.9796
17.3008
29.3351
17.8661
23.5243
24.1686
22.6377
31.0597
33.7623
33.6061
23.9933
19.3352
26.4676
20.4813
33.5624
31.3779
22.5176
28.5834
19.5489
18.9468
33.1081
19.0137
18.7005
26.5686
18.5638
28.7918
20.9815
19.9626
18.8286
25.5467
19.1888
22.2218
20.9215
19.8084
27.1046
18.8216
20.5558
23.6565
20.0386
23.6253
25.2705
31.5388
29.2139
17.9572
31.8936
20.2209
24.285
33.0818
24.8349
16.9319
20.7132
24.6909
17.5538
19.42
19.7153
18.6005
26.101
32.407
23.5147
23.692
18.1533
19.2901
24.1302
32.9782
30.7437
22.9583
26.6485
31.0238
33.2504
20.3756
26.3774
23.2854
23.362
27.7098
30.153
28.101
28.9632
32.1504
31.8008
24.8382
29.9401
22.1806
29.2336
21.8341
34.1143
23.2489
31.8964
24.2698
22.7834
32.8544
33.3561
22.5791
32.0453
34.0263
29.0965
31.0109
30.2483
33.5587
27.7459
32.0542
34.5989
26.5915
30.2675
23.6441
26.8933
29.0878
33.7116
23.8537
28.912
24.7451
24.1705
28.6022
30.823
23.1662
21.5663
23.786
27.8818
32.031
23.2828
33.7116
30.2824
20.4333
20.7068
23.3018
34.7391
21.766
35.4977
21.5569
20.9477
32.9315
21.5456
30.9507
20.9143
28.1173
32.6054
22.47
22.4702
29.2219
31.8886
33.6506
26.2759
26.4383
35.0633
25.5958
22.0634
34.533
30.4481
27.0838
21.8443
32.1571
27.1859
24.5141
32.8708
31.0801
22.9455
21.4699
21.9341
21.0202
23.8147
29.4755
31.0707
25.1697
23.8593
24.5681
23.3233
25.7931
23.8536
28.1212
28.6348
30.7758
23.4119
35.0519
33.0308
23.019
28.2421
31.0148
29.3505
27.8465
23.5746
27.7791
27.1867
28.7188
27.425
34.6236
25.1613
28.9775
26.2621
26.7525
25.8381
35.7828
24.8039
27.1164
32.3104
26.8215
27.4008
26.7259
26.5793
28.5399
34.5769
23.6737
25.5316
26.6761
28.8061
35.5781
35.0733
26.6624
32.5196
32.0424
29.4163
35.1945
26.057
25.9835
31.1391
29.5525
28.8803
25.7461
31.086
25.6589
26.921
30.9203
29.2819
29.9549
25.2335
29.7625
24.411
30.1766
26.5892
34.9491
28.1326
37.035
35.7423
28.3111
27.9341
25.155
36.9905
32.9001
35.425
30.81
31.6522
26.6128
31.7015
24.8907
27.1406
25.7839
28.6619
25.7487
33.8325
34.5977
31.964
24.9215
27.2903
36.0046
23.9735
25.647
24.7537
24.0908
25.839
30.4536
35.2613
29.6961
32.9296
34.3717
31.6538
26.6649
33.4096
28.0549
24.3817
32.4549
29.1771
34.5354
