27.2977
28.687
32.7864
27.2608
29.696
33.0098
26.7586
32.2988
29.4782
36.6303
27.711
25.8116
28.1741
25.5728
29.8976
30.3913
29.3597
24.76
25.051
26.332
26.1157
26.2949
25.0202
29.3179
26.2727
25.7776
34.932
32.9509
34.6034
28.7733
36.5934
31.1746
29.4161
25.1809
35.0053
31.5015
25.906
36.9233
29.4211
34.0216
26.2383
31.4556
28.7451
29.741
26.8523
34.0984
25.4692
31.7067
24.3193
32.2626
32.026
26.1129
28.6904
25.6616
35.1628
25.3188
24.6846
35.0931
33.4058
32.2274
34.0881
32.0529
26.4003
24.4037
33.1602
26.6004
26.1208
30.636
31.3696
25.4394
25.434
31.9492
35.0344
27.3581
28.2647
32.5094
31.5487
26.5946
28.1041
26.5986
24.529
29.0029
30.9866
34.1253
31.8491
34.0993
30.9061
23.4805
31.6686
20.9496
24.0808
31.1144
28.9671
24.1644
21.6838
26.4446
23.6388
32.6144
31.8341
31.7561
30.524
23.6629
28.3096
23.6258
22.9788
24.1427
23.4957
32.2278
28.7396
25.3097
27.8278
27.4116
22.6863
21.8547
22.1871
21.9885
21.7371
25.8697
27.6412
33.7119
29.1444
28.1468
32.7461
33.263
24.2155
24.016
22.4152
29.5814
21.9045
26.7699
29.255
22.3351
22.0926
24.252
25.8596
23.462
23.1736
24.3702
32.5075
23.2744
25.0149
29.6192
21.3069
32.5561
29.7788
29.7499
30.956
35.0688
23.7031
23.0509
23.2909
21.9423
29.3827
32.2724
31.4141
23.0991
26.534
22.0583
21.9223
33.8311
24.1052
24.6931
34.558
28.3929
24.8925
25.6824
22.76
26.6571
23.7061
28.4182
22.9399
20.8463
22.5776
25.8967
26.123
26.0616
26.5131
33.207
23.7237
21.4446
28.1471
24.7117
23.3363
25.7061
25.8368
26.663
23.5746
30.3689
23.2275
31.7205
18.635
18.8127
29.7102
21.5704
28.6887
19.4942
28.9236
19.3469
32.1229
32.8368
30.1993
29.7896
23.1234
32.5607
21.7534
24.8559
26.4514
16.9509
19.1657
28.4474
33.0487
20.2499
19.304
23.9599
20.5415
30.6747
33.0014
26.0263
18.9142
20.47
19.6162
21.5448
26.0863
18.8533
24.7989
20.2215
32.7736
19.458
29.3002
19.8614
29.5764
18.9871
22.9535
22.8407
28.1458
32.0195
23.4328
29.9766
24.9631
21.418
33.78
20.0943
23.1178
26.2215
30.6131
20.1795
31.0296
23.5246
19.7044
19.0827
19.3447
18.787
29.757
33.3855
17.8337
22.9975
27.0153
18.7154
18.4681
22.2348
29.6618
17.0543
29.4413
19.9673
30.3724
28.4249
20.9755
32.5097
21.1311
27.4522
19.5342
32.6132
20.3189
25.1441
20.444
28.3029
20.7456
19.3266
20.7911
23.4414
17.8929
26.115
18.512
20.6535
21.9694
26.2299
20.1934
27.5554
21.4034
29.7447
24.1299
15.7794
16.5164
24.6517
17.3541
30.6672
15.86
30.5867
13.6946
26.6355
14.9133
14.9203
19.8069
13.9469
17.9439
19.4742
16.2342
13.2052
18.8571
19.1899
16.7592
16.5249
23.1896
25.0519
17.4054
28.1814
24.5485
22.0934
22.8054
15.838
16.0788
22.4687
13.9561
30.4378
25.6769
18.9748
28.2709
27.8601
21.0838
32.9008
14.5634
17.2299
18.0655
15.5938
25.9228
14.7995
28.9986
26.7736
17.8614
26.7924
29.0942
23.6651
16.2523
30.0584
19.3139
17.7922
16.2625
15.4314
28.7491
15.659
15.2462
22.2104
16.5563
19.4127
22.2937
20.0478
20.0101
16.225
23.4576
31.9092
21.1668
26.4462
30.6455
22.727
27.3709
17.6156
18.499
16.4747
19.1816
27.3614
27.8122
27.4372
17.169
29.5034
17.2273
14.6692
30.3138
26.7527
30.2621
24.4264
26.8213
21.4651
32.0765
18.2008
13.8579
14.4505
20.062
12.628
20.012
8.90493
15.6345
22.5466
15.3705
21.1661
29.5882
10.881
14.4094
20.7276
9.39398
18.0546
28.5363
18.0796
15.7777
13.9101
10.5893
29.4972
17.4289
20.7731
31.3851
10.4122
11.7905
12.4671
23.8744
19.3789
9.25693
26.11
26.7504
20.6551
25.8902
15.6979
31.305
30.4202
18.6828
16.2815
19.7763
19.6619
10.1999
11.0956
18.8457
14.5024
26.6955
18.9591
15.5178
16.884
12.6476
14.9113
26.2689
26.0435
9.75942
9.46364
9.51796
30.7669
11.3185
15.2933
12.5059
30.9249
26.294
22.4271
25.5684
17.8821
27.4884
22.3155
29.3469
28.26
23.4715
9.17191
14.9254
9.5697
24.292
19.7209
12.7056
22.8177
30.2316
14.1527
25.1698
15.7649
28.8366
26.8894
25.4657
12.5984
11.6811
25.6701
11.5754
16.1904
19.5698
24.2164
29.2162
16.2068
11.8444
31.0602
29.8747
17.8746
11.4365
15.6826
10.0808
12.5728
28.0002
29.6418
15.8138
24.9276
8.79493
27.9657
24.4773
9.01608
23.6016
11.9186
11.6526
13.762
26.7838
16.6533
8.45257
25.4652
19.1203
29.0334
17.1702
13.673
20.3976
8.10582
19.9088
15.5612
23.8942
27.4679
15.4825
7.41263
15.471
15.1354
23.901
15.2136
16.144
23.2966
30.2756
9.69906
19.4928
23.1863
20.8782
20.6673
28.4844
29.544
23.9174
25.5378
15.6965
25.7553
20.5657
9.4469
29.1953
20.7353
24.0309
13.7496
19.0263
27.6953
7.32104
6.7742
15.457
10.4465
15.3401
30.6632
24.9652
19.6716
24.816
7.53229
5.4085
24.7179
24.8468
24.6491
21.855
21.7045
25.4041
23.359
18.1694
26.5205
19.7318
19.2468
11.6363
27.4591
15.2433
22.0031
7.58204
23.8287
17.2726
7.24304
5.17254
14.1165
24.1638
13.5853
23.5293
5.59105
9.39713
22.5222
29.9129
30.5248
20.093
18.0992
29.6691
15.6594
27.4074
12.2995
18.9316
18.7214
22.8877
17.6741
10.8842
20.9827
8.78658
27.6096
27.9067
29.1476
29.2527
9.53188
11.8896
15.3284
7.00777
10.0405
12.2757
11.1305
14.7747
19.0022
5.55537
9.73188
22.9042
7.17956
8.56667
28.5588
15.4767
21.8614
5.16093
10.7381
18.902
25.6919
6.53731
4.19613
17.8127
7.43531
20.2277
20.7233
13.594
10.5779
10.1573
19.1257
5.82784
16.6997
30.1655
6.06884
13.3654
4.0606
26.9689
12.1679
29.527
13.6198
15.533
10.5233
26.1953
18.0406
23.8001
10.1204
14.5007
7.63949
22.3125
23.0737
26.025
9.56063
5.60813
11.7468
5.63285
9.03121
10.265
27.0141
8.00706
26.8338
29.1278
25.0897
24.436
23.0096
14.9174
4.54513
7.12845
8.9463
29.7504
10.6424
15.5327
13.7222
28.5929
19.002
21.1737
20.968
6.63362
19.8086
2.52282
13.9816
18.9221
11.9399
16.4967
21.9192
19.6395
9.77261
24.489
4.18775
2.81323
6.10698
19.4357
30.239
19.7972
24.5037
5.85532
9.68648
3.52945
8.21342
4.02645
25.6227
27.0393
27.8882
20.8071
17.4952
15.1062
5.31469
1.70276
28.6101
14.4745
5.4027
15.5531
29.6472
24.4462
2.4358
25.5924
4.00884
20.0792
20.8789
24.6691
16.7675
14.2202
22.1544
10.2427
12.1322
11.9373
1.94049
24.6357
24.8013
4.91577
4.48576
20.3773
27.6038
16.6707
15.7596
5.36429
1.9334
19.111
18.1467
16.7251
11.5352
3.71689
28.5548
11.7846
11.9277
9.3625
18.6345
12.2537
24.2344
16.1601
6.7222
20.4446
2.36129
14.4869
17.7411
27.0394
17.3204
8.99037
26.5959
3.19059
21.9552
2.48615
6.47941
4.96685
16.3744
19.7258
9.58622
16.5331
17.5324
8.87228
8.69127
14.5524
6.15996
19.1689
4.70401
5.9644
20.2422
19.4082
18.9811
19.0014
8.44395
24.7783
5.4047
29.7724
11.1306
4.79431
24.772
27.0843
8.17283
3.30277
9.09607
4.20998
20.3136
20.6189
3.30474
8.12759
28.0532
9.577
18.9081
3.47244
22.6864
10.4302
4.66023
18.8115
20.8525
25.055
3.23769
22.2987
4.32478
14.157
3.78107
11.5513
3.26935
17.7685
26.277
13.3116
5.13676
13.7282
12.2231
3.48722
27.4561
5.69923
2.9231
1.80846
11.236
29.1412
13.8656
3.00105
4.21651
13.5048
6.75706
27.1861
8.70667
5.50806
20.7778
1.80103
15.7419
24.9841
4.89855
17.9912
9.42803
8.91426
11.3196
7.01651
18.5922
1.97493
1.48814
18.9241
21.5371
2.69188
16.877
10.0481
25.1196
30.0396
17.3575
13.6054
22.4762
20.4792
24.8319
17.829
5.4974
17.1007
19.2537
9.07038
8.18365
23.8224
29.6965
5.85007
6.94727
11.0747
27.2153
28.9896
8.75163
21.0515
6.74694
23.1244
11.2637
14.0686
12.6056
20.8405
6.10785
22.0289
5.26992
3.79293
25.0216
20.4226
22.8142
19.6278
20.6403
18.3668
25.8415
12.411
30.2258
17.4216
15.9632
27.1183
7.40126
18.8507
6.69467
4.61551
13.5482
8.37902
16.7434
16.9741
9.41532
5.80244
29.0456
19.4711
10.3128
20.32
19.6787
10.352
11.0761
11.4197
26.3567
27.1052
9.10694
15.1086
14.2302
15.6883
9.09964
4.01224
26.8728
11.0067
26.6182
15.8157
16.7202
22.9255
7.76959
19.8052
13.388
5.49629
20.0821
22.5455
7.19854
29.0647
26.4606
25.1569
17.6657
7.48989
15.2989
11.945
12.691
19.2174
24.3173
8.12567
5.19258
22.3778
16.5134
22.1892
6.44025
22.9477
5.32723
15.5743
13.091
19.1303
10.3803
19.2359
26.3174
19.701
11.7326
16.8753
25.1268
8.89168
14.9653
24.5165
28.5624
9.75848
12.3033
13.8463
16.9013
22.8621
11.4585
11.1037
16.3261
14.7291
20.667
12.4762
16.874
30.4625
17.7523
19.7213
20.6929
30.1788
19.8999
19.0662
22.6107
29.624
14.132
13.3187
10.0435
27.7115
14.9431
9.06713
14.6596
21.5802
9.21221
10.5998
28.514
10.5068
29.3958
13.7449
8.38293
29.7964
10.3732
8.63606
16.4334
9.59248
11.1967
11.9254
10.9365
14.2036
16.656
10.1407
10.2484
18.9577
13.6087
28.8948
25.0195
21.746
30.7146
29.6616
20.0662
30.3355
8.52561
11.4381
11.7401
26.3239
9.21609
11.2256
12.6539
21.7498
14.1778
15.4024
22.2968
12.245
28.5519
17.8492
8.21831
14.0778
13.3799
22.5294
15.9252
13.449
28.7957
12.6029
22.5755
30.0782
18.1687
18.8863
20.2102
12.7142
15.2408
10.0008
24.6371
21.7131
17.4548
30.8686
13.6447
19.0367
15.2475
19.8754
13.0526
15.1345
17.3508
28.182
31.9929
16.7645
17.7501
20.335
24.8095
24.3418
18.7855
18.8555
27.1643
23.1524
16.6474
16.449
15.4041
13.9173
18.3385
16.6644
16.7357
16.3207
13.643
14.2313
20.137
24.8864
27.0218
26.3081
12.794
22.3876
18.6433
27.4731
32.4299
19.9809
21.6615
27.2521
14.4743
25.0567
16.4987
20.1471
15.2117
15.309
28.3582
31.3839
19.3015
24.3323
24.9595
20.5543
14.0396
20.872
20.5635
22.7141
32.1416
21.9756
20.4539
19.7836
14.2906
17.9151
15.5713
12.3386
15.5131
15.9826
12.5118
21.5002
21.3262
25.772
12.4795
18.0096
22.6898
14.3115
27.0514
13.0675
22.4824
16.789
15.7203
26.1058
31.9059
29.6761
31.5884
16.4375
21.5425
20.2057
25.2664
29.2246
17.297
15.8909
28.7143
19.4188
19.194
15.3178
16.0541
14.3427
15.075
17.7696
31.3834
23.1869
26.5547
25.5615
13.2642
33.0238
28.8507
21.1573
20.4605
23.6914
20.0286
26.5042
16.3632
21.4256
18.5906
19.5925
30.0011
19.803
16.444
21.9927
16.254
23.3835
21.9181
27.0438
18.3426
22.1374
18.0481
22.6486
29.6098
27.1375
15.9659
27.5133
18.1016
33.375
29.1453
20.5391
29.5256
33.1505
20.4745
19.5955
18.9102
25.3703
19.5538
22.7908
29.4372
32.2535
18.9564
22.5148
28.9337
30.946
27.2303
18.5049
19.0572
32.2662
24.0515
20.5032
28.2772
24.4511
24.3779
20.0282
18.2297
28.8675
26.174
23.5585
31.014
23.6974
29.3851
29.2919
28.0525
18.3737
17.2314
31.5047
26.8425
19.2817
19.0671
17.0017
19.4752
17.499
27.8774
33.1605
24.8576
32.4375
19.4295
19.2964
25.2035
20.6568
21.1508
19.672
18.9154
17.9311
23.6099
25.4277
22.734
26.9318
24.1295
27.4488
20.2067
32.3407
26.1121
18.473
22.0025
19.2435
26.406
18.4013
20.2338
23.7177
21.5778
18.9851
18.3514
22.363
28.5569
20.1953
26.9011
29.4979
20.4388
19.5758
21.5039
26.2571
26.3603
24.1947
34.5219
25.868
31.249
30.7542
28.6102
22.9558
30.2258
22.7401
22.1147
23.158
26.6332
21.9863
23.6195
23.0501
33.2113
22.5752
28.6654
20.9852
32.6965
33.9859
31.5704
29.3039
21.3927
21.666
25.9451
26.453
22.7755
29.9871
20.6939
23.448
23.9663
23.4553
26.9207
32.4367
27.7658
30.088
20.9405
33.7342
22.5509
24.0692
34.1087
31.2553
21.4483
28.7588
23.6054
19.9153
27.3843
24.6103
20.0794
22.8074
23.5124
29.0272
27.7866
31.6285
29.0174
25.3284
31.4535
22.6277
26.7105
24.974
23.3342
21.2214
31.3551
23.3881
33.6381
27.6717
30.1892
20.2247
27.7727
26.3096
32.0861
31.963
25.927
28.3343
30.0899
24.1785
27.9722
30.4427
20.8001
29.7646
32.3922
31.4902
33.2838
20.7641
20.0858
32.9709
28.4942
21.8469
27.5532
27.6153
21.6396
19.7337
31.4017
26.9214
26.2691
28.0304
34.7762
35.4819
29.1354
25.0261
28.8405
29.7691
24.2544
28.8517
25.2155
31.7926
25.115
31.795
31.6993
27.895
32.3778
33.5225
23.4834
34.9168
24.4815
29.2154
24.3164
26.7302
31.4595
34.6607
32.0338
25.1708
24.3978
26.6063
27.5798
32.7633
27.7763
35.9297
27.7409
29.9376
28.588
32.6389
32.3959
27.0701
29.2038
25.9593
27.4862
33.5734
26.902
28.7513
33.112
32.6344
33.4915
30.8614
27.3927
35.5304
28.033
36.0153
30.1928
25.3325
26.8831
28.4152
25.5909
30.7979
33.1904
30.4329
25.2282
24.9298
27.9592
33.8548
29.3938
33.21
23.4044
26.972
28.3112
27.7418
34.3689
32.7768
24.9149
26.5714
29.3164
25.0563
24.1754
24.6661
24.6952
31.4705
24.8655
29.0471
26.5141
25.1075
28.8014
24.7078
25.5725
35.2631
26.6832
27.1109
31.2261
27.0551
26.967
31.782
28.6233
31.1866
29.3376
32.8159
33.498
30.4183
24.9918
36.0704
27.4941
30.4507
27.4282
28.2233
24.7151
36.8455
25.4767
34.4508
24.325
28.6597
32.0839
30.496
27.3122
32.7499
27.9412
26.9576
31.6716
27.7672
25.2815
27.071
32.6162
26.5809
32.4125
31.7933
28.7414
29.8432
27.8273
36.5794
25.6723
26.401
29.2982
31.5853
35.9608
34.0028
33.3778
34.3141
34.8439
27.2165
25.4298
26.001
26.7515
34.6302
26.9276
35.043
27.9369
28.6766
26.0487
33.6802
25.4584
24.5277
27.2215
26.2563
25.7998
29.3398
27.7171
27.966
34.775
33.7081
26.739
24.3099
26.3941
25.7769
26.6273
26.4875
26.0335
36.4611
28.2766
35.3751
25
35.619
24.5671
33.6576
34.9397
26.3118
33.7325
28.2991
25.5444
28.1413
30.7731
25.6773
35.045
26.8177
30.3586
25.0572
34.5062
30.6998
35.8068
21.8759
22.9303
21.2635
30.203
31.4848
22.6602
33.4169
24.8221
27.3613
27.1074
34.9955
26.3064
30.6396
29.5853
21.087
22.8104
30.6806
21.0357
25.4827
21.8064
30.6577
33.3316
34.8389
21.2996
28.1383
23.2143
23.877
23.3381
28.4406
31.3753
20.7234
24.1958
21.3421
27.0813
32.7618
23.4
33.5014
21.5719
25.6005
28.4664
22.6789
23.9172
34.8499
26.4992
34.3024
31.5891
27.7358
31.5669
20.8988
25.6866
21.8533
22.1387
26.3425
23.0195
31.5434
32.4878
23.4724
32.6519
27.7737
22.8525
22.4724
30.6881
32.7578
21.1121
27.7525
26.3429
30.2361
24.6808
21.1663
30.619
22.3513
34.8791
23.4373
23.5049
32.3807
21.0235
25.423
21.51
25.4735
23.1384
33.9328
33.3956
23.3349
22.613
29.4716
24.0151
25.5172
23.5801
34.1282
23.3028
33.5491
29.7379
20.6581
24.3152
25.6276
28.3446
18.987
28.0137
31.213
17.5594
28.0762
18.0032
21.119
19.4757
29.6495
17.9255
20.2493
25.0124
19.585
17.5789
20.9101
24.425
32.2246
23.7977
22.1134
19.9463
24.2812
20.1876
20.2348
17.23
33.8722
20.6673
20.3533
17.5891
19.5387
22.9112
21.2498
20.9073
21.616
19.8364
21.6069
27.2357
19.2305
30.3331
27.1143
27.6056
22.0467
24.4101
21.24
18.662
20.7816
28.6551
26.1088
22.7264
20.0456
21.6754
17.5622
28.2332
20.7627
23.1549
21.7911
21.3193
33.7362
22.7232
23.0373
26.1415
16.6668
17.6564
19.3496
19.1883
27.3379
28.5599
16.6172
25.2571
17.1695
30.1333
19.0424
22.1794
26.6283
27.643
21.4492
27.5229
29.8453
18.6223
21.711
30.2887
21.0374
21.6923
23.7131
29.918
18.1435
22.6216
18.5908
30.3854
23.1763
17.4203
13.1077
21.6428
27.9099
19.0468
13.4991
29.1456
15.0963
16.4681
20.7507
17.048
17.7932
29.5226
26.6339
27.4127
28.2135
15.6856
28.6874
25.7478
27.2382
18.8735
24.365
16.5807
20.5146
20.2792
17.4993
26.1346
16.3925
25.5438
20.9864
20.1361
15.5083
29.2876
26.0205
31.474
19.5583
16.683
16.1828
13.4676
18.8472
19.9162
16.852
18.1121
15.6888
16.6618
19.004
30.0932
27.0945
22.2986
27.5341
16.8042
21.7441
22.228
24.7751
16.4843
14.1664
14.5721
16.0353
21.6454
15.3794
16.964
14.8369
28.0822
27.0589
18.9067
16.439
19.779
27.0888
14.1685
21.182
19.5049
21.4089
13.3547
23.3906
17.6577
15.2641
24.495
13.7667
27.2989
15.5799
23.6413
14.5049
14.0581
16.3079
24.9561
28.1483
30.4318
21.3988
27.9332
25.7463
27.9842
17.3639
14.2258
14.9282
25.744
18.2895
20.7205
18.1067
27.2207
11.2404
29.4095
26.5364
27.7661
17.5474
28.9152
10.8324
18.017
25.1746
12.1528
21.2995
18.8771
25.8307
17.3781
18.7184
9.89454
11.5979
8.67682
23.8084
10.2747
10.6862
13.5862
9.86542
23.5026
11.3807
27.9829
17.7061
29.219
28.3026
29.6364
21.1897
17.8756
17.2292
19.6276
29.1361
16.4952
9.92983
29.3927
17.1548
12.5393
14.3514
30.2731
9.2796
19.1973
10.7358
31.2751
19.562
17.479
26.005
10.1749
11.2742
27.8715
9.59615
25.2684
14.1028
21.8191
22.2102
17.6815
10.5417
19.1882
18.1671
25.8645
27.4652
15.1479
20.4959
14.2143
30.6236
16.1485
12.2731
12.7491
19.772
30.6482
12.9935
12.3762
19.4033
11.4194
21.8179
12.7204
26.0166
18.1804
10.3721
12.9512
12.5432
15.7178
15.2661
20.3478
19.4631
27.9323
10.3982
15.0169
11.0184
19.505
19.8358
19.6331
19.812
16.2308
22.3219
21.4763
9.44568
13.4534
23.6385
22.845
17.045
29.6067
24.5679
16.9125
22.0427
25.7908
11.8946
8.99898
29.6479
22.0511
12.5688
14.5035
25.5019
10.3262
13.6444
14.4489
15.6948
23.9548
20.8583
23.7222
10.1928
19.0861
26.7564
9.1427
8.36945
9.14426
26.2358
14.6926
30.5081
17.9899
17.2534
9.16691
18.173
20.8447
6.99636
7.19956
23.5256
24.799
13.8524
12.9322
11.4244
10.6861
26.1481
17.2928
8.5434
18.3849
26.511
9.48642
14.5056
21.6449
9.84115
7.08371
17.9493
27.7185
27.3382
9.60547
30.3586
7.63872
9.43846
8.6595
15.6915
27.1226
20.8196
9.02953
18.6675
28.3752
10.1596
20.6937
10.4405
15.0895
17.6165
21.5095
6.96347
29.0229
16.7626
24.6131
22.6268
29.3614
18.7298
8.15772
21.1952
20.074
27.4867
5.8796
20.7985
22.2393
15.4299
12.548
11.3106
8.87924
17.1386
12.329
6.50581
14.991
17.444
21.6806
25.4685
18.8531
27.638
8.67947
19.4373
10.5315
24.4576
12.9503
13.0223
27.4657
18.8898
14.5835
5.9548
7.04978
28.3871
24.3696
13.7772
26.8921
13.3854
12.737
8.24655
13.3663
11.2842
10.3622
12.069
26.542
26.2939
21.3371
16.302
10.3361
14.6509
11.8543
8.40331
23.6147
24.889
16.07
29.1466
5.76031
7.81285
7.7262
25.4217
18.9597
24.2492
17.0888
11.4203
8.83157
2.29503
17.4174
10.9332
1.84561
25.6725
28.9052
15.1582
6.16061
4.87194
3.42789
17.245
24.1659
11.2059
19.7784
26.8488
6.53318
8.64559
4.75754
27.7116
17.8378
16.9823
20.8969
12.7683
23.4105
23.6131
13.5041
11.0432
26.8796
12.664
14.2891
17.4786
5.40031
25.1985
26.2743
16.2082
13.2729
14.4072
6.94869
15.815
12.7985
19.1314
6.92824
22.9133
23.4397
13.4722
15.5489
14.2017
7.30419
22.217
27.0442
11.346
28.6145
11.4424
12.6479
4.9817
4.14971
1.25891
15.6497
10.1555
3.92678
20.8221
4.29281
28.9991
29.8564
18.4373
24.5177
3.44858
15.9777
7.37133
6.16387
20.326
9.09702
8.76296
11.4991
24.3727
27.6384
13.3461
1.38326
9.15718
8.71141
29.4682
11.9537
4.26152
26.258
28.2295
26.9871
25.8001
12.5635
18.9077
11.2625
9.63387
16.7526
5.74982
2.10181
2.52712
7.44802
24.4946
2.4768
4.19546
27.3916
9.08667
5.04718
15.4848
15.262
29.3605
21.5426
10.7184
4.54595
26.7685
2.5779
19.4371
29.6684
11.1456
16.2578
12.0241
20.2722
21.7651
22.6315
24.9063
4.96503
12.8926
13.3819
15.394
4.40396
3.45802
16.0273
12.8981
22.1442
16.5773
22.6945
16.2513
15.5676
18.4637
8.02172
22.0943
20.4484
1.59929
7.73221
28.9476
5.40787
13.6218
12.9338
6.92937
21.3956
23.5503
27.9818
19.417
6.23222
25.9186
28.1593
3.56195
16.662
18.7178
10.201
4.07985
4.98822
15.7272
11.4572
5.74375
22.6122
22.0274
22.4179
17.4825
15.3939
20.6419
9.92751
22.4294
3.77157
26.5256
13.703
3.66959
7.54644
11.8578
4.57373
22.7636
0.772066
16.2785
29.5116
26.0321
28.1804
5.35198
27.8079
6.0307
14.0181
5.35099
15.2705
7.20136
15.499
18.5209
21.8137
10.9469
7.08393
27.7582
5.48945
18.171
8.18346
13.4404
15.6825
22.505
6.4562
26.5548
21.9098
20.2964
17.8581
13.5043
28.2168
11.078
9.28839
11.9357
18.3602
4.00564
12.6956
8.29123
7.24308
11.1087
21.3399
17.2723
14.8091
5.5698
15.465
24.522
26.5103
9.44471
17.2008
8.05328
28.0328
8.83784
17.6133
23.7238
18.5279
14.6666
24.2546
4.32311
15.3349
13.4655
8.50012
27.0722
18.9047
4.10919
9.57346
4.95161
10.7508
12.0106
10.614
5.36295
20.9093
3.83308
13.7154
28.3089
6.77461
8.05959
6.20181
6.10244
10.6046
8.8665
5.15854
13.3478
7.10307
9.56929
15.614
26.6164
18.3096
17.9431
26.781
7.00302
24.7156
25.9614
28.3076
18.5806
7.1192
4.75832
20.9218
18.6028
21.2113
27.4645
24.5579
15.4544
18.2089
9.92521
17.1597
23.6382
16.3944
8.54172
21.6944
18.4165
12.9152
12.5065
29.9088
18.7419
5.09466
10.4789
5.68063
9.32822
28.5765
10.3257
29.0803
30.2474
21.2641
21.7985
15.8227
5.55981
5.33629
28.1765
8.59547
8.70193
7.11479
22.7168
22.6413
11.081
24.1858
23.4455
17.6992
17.9368
28.5759
28.9814
27.6964
9.37151
21.2641
8.09707
4.62632
15.2078
13.1631
10.4109
29.415
22.9315
7.45523
13.1237
7.64267
16.1422
24.2035
5.94104
28.2812
11.4061
8.63517
5.09213
26.7069
19.4556
8.49546
24.2073
27.1066
11.6979
30.3417
17.3504
30.64
19.753
21.1297
9.72229
21.7028
12.7675
18.3951
10.4535
28.1258
24.6049
9.74026
29.4032
22.2745
9.65845
24.4746
30.0814
10.2503
7.68282
5.74057
15.0826
17.5343
17.5776
11.9796
12.2756
15.5213
12.1356
25.951
17.7328
14.3521
21.9022
15.0689
13.9357
11.2078
14.985
18.9427
14.2564
31.3685
19.6581
20.2809
12.7144
20.0986
19.577
19.173
17.7195
15.9228
10.5319
14.0991
12.4228
10.3553
22.9095
11.7222
19.1656
16.205
29.372
25.555
8.88976
22.8634
11.2925
22.4677
21.7659
17.2475
24.6928
14.3714
27.4663
17.2784
15.9464
25.4192
11.9689
16.5301
18.5864
21.4552
28.4995
9.23197
17.5776
10.1204
10.1889
26.0793
13.423
29.5645
23.5237
29.9638
9.39749
12.769
11.3361
29.6017
23.9871
10.2898
24.1225
18.2269
15.0226
22.3752
12.2002
20.1067
24.2299
16.8958
11.5738
18.4072
15.9875
15.7965
20.0193
27.746
11.9291
29.9725
12.1673
19.2334
25.5594
24.664
14.1366
13.5514
10.9578
23.6675
11.8254
25.474
12.0366
25.3734
11.5146
11.5581
19.0013
8.48357
29.052
15.3536
28.4978
30.6022
11.1726
14.8223
25.9168
19.956
28.4565
31.7657
22.8732
16.2076
26.3701
14.157
12.8923
26.3258
20.7947
14.116
14.1275
19.1467
21.3174
32.0378
21.5802
15.8416
23.5122
27.8208
18.8868
19.3946
15.6275
27.9118
15.1052
24.3903
13.7698
25.9196
22.4855
19.4497
31.221
18.0034
17.2832
20.4657
21.3498
28.0539
22.9743
20.258
26.0045
27.866
12.8539
13.6071
12.9885
13.851
24.6294
15.6931
21.7543
31.0425
31.4466
16.3965
14.7677
17.0573
14.103
17.9615
28.7391
22.7726
24.3883
20.1769
23.7909
24.0978
23.5651
13.9841
28.4981
18.3354
27.3445
27.5963
14.2387
16.6686
24.9908
16.5686
21.9616
32.2122
14.3516
21.9819
16.7925
22.0748
18.4076
15.9787
22.8707
17.3321
15.989
16.6394
14.3811
29.3935
22.7941
21.0468
18.3809
31.5308
16.1368
24.4991
13.2827
25.7236
31.5565
29.6655
16.4383
23.1197
19.8413
15.3441
23.529
22.5344
21.5526
20.1103
26.4371
26.4191
20.4616
16.7855
17.9571
17.8295
17.4009
18.0751
20.8323
19.3265
19.9832
18.2738
20.0255
24.8999
19.8698
26.0665
20.4107
16.0191
23.4712
19.4909
31.2187
20.0985
33.1479
24.1728
25.5902
28.453
19.1766
27.6958
31.4001
18.8947
24.2681
23.7769
17.8563
22.09
25.5103
20.3895
19.2439
18.7066
30.5723
18.48
17.2142
17.5232
19.6867
19.5943
18.1236
27.2124
28.2442
31.5581
23.2056
25.6277
16.3753
32.4116
16.1835
29.0041
20.2472
23.2037
18.6386
33.0099
16.2888
30.4825
29.964
18.6485
28.5934
25.9653
20.9702
25.1729
19.2782
33.5506
18.7883
20.0942
16.2581
23.3992
22.7305
31.7663
26.8289
33.208
30.8725
26.6941
33.4823
20.6387
28.1287
24.5813
20.7661
29.5698
20.769
23.7655
31.7636
21.7106
32.657
17.9818
18.1623
24.1949
32.4432
28.863
27.4243
23.2247
21.4214
21.62
25.1822
20.4961
24.3139
34.808
31.6432
20.3856
33.5978
21.7225
22.6167
24.0683
22.9041
29.662
25.8472
25.7551
29.2754
24.6569
24.7806
23.9113
24.5415
20.3515
21.5811
22.9718
23.7395
27.8722
25.3774
22.0857
31.6096
25.5803
27.5821
20.5711
26.2632
20.7963
27.6362
20.7604
30.8914
33.7591
21.6773
29.1577
20.3672
28.3039
25.8099
23.3048
23.94
32.545
26.5305
31.211
34.206
33.419
23.6004
24.986
20.2598
27.3033
22.5291
20.9169
23.2773
31.7412
20.9539
21.5825
33.7093
19.8066
23.627
24.8408
30.9967
25.5571
21.5225
28.2003
21.1149
31.9653
25.6128
28.9981
25.9933
21.1614
23.3263
23.7906
23.8339
20.4395
26.7564
27.8399
33.3417
24.3853
21.2138
25.163
20.1797
30.3771
34.1521
26.6563
23.6347
30.1589
21.4958
25.1488
26.6916
30.7552
29.5799
25.1554
25.917
24.2524
32.9578
27.3515
31.8892
24.6746
33.3626
27.4044
30.3036
35.5744
25.0554
24.1915
35.0925
35.1995
28.8415
25.2586
35.0102
34.9753
27.7721
26.0179
26.2492
32.819
25.721
28.3099
29.7075
30.8431
29.1265
30.3068
26.4009
25.9472
36.5393
26.8789
29.9189
25.1315
24.3927
33.9623
25.698
27.2821
27.5077
28.0961
30.5408
35.1457
36.682
28.1251
33.6622
25.2062
31.0396
32.5045
29.7992
32.4448
26.9969
34.9906
30.6268
27.9144
26.8374
31.211
24.4331
36.2769
32.4999
36.9377
35.6428
33.9221
25.8112
24.7983
25.6622
26.164
30.8311
29.3323
23.6833
27.5513
30.1692
26.4325
35.7035
