26.3823
27.2146
24.5556
31.7709
32.7685
26.307
29.0101
27.5613
38.2131
34.6372
31.6516
24.2221
26.6691
29.7249
33.3873
25.5917
29.1374
33.7246
33.3359
32.4437
36.0961
25.2784
27.6953
32.0807
26.3849
24.0591
35.3201
24.895
32.941
27.7286
31.4632
25.5426
32.4827
29.102
32.7969
26.9959
30.9341
34.3894
27.4215
25.9039
26.1167
23.7084
28.4099
29.3355
31.9267
27.4975
27.6847
27.1463
34.012
29.4388
25.4901
35.4989
37.3072
33.9467
31.4934
26.5002
25.9624
30.5146
28.155
33.5385
25.9298
36.3092
34.0935
34.0496
29.6913
29.3864
25.8845
34.1157
31.6691
27.824
23.9601
26.3109
26.2933
33.621
29.4064
25.4034
30.0639
24.7816
27.4379
31.1111
28.2862
35.3233
26.8218
28.2836
24.2154
27.7196
32.6824
29.2239
28.9634
27.3338
25.908
23.6943
27.8227
31.149
33.4891
28.5917
29.0156
25.3857
29.2235
23.1968
26.6815
28.1811
28.6462
36.9967
36.4607
20.4966
23.0798
23.1417
23.8501
26.5062
33.3431
28.4642
24.7235
23.4736
36.3451
21.4067
22.8864
30.0039
28.6069
23.2937
29.6034
23.962
31.0793
25.5037
23.9698
24.2807
25.4735
37.3441
34.1459
29.8507
23.1454
34.2198
30.7982
22.5503
33.3837
26.589
25.4592
27.7208
33.7951
32.2053
32.824
24.31
28.8851
26.2923
33.5169
27.2296
30.0492
22.1341
27.2157
21.2501
30.1822
22.5691
28.7864
24.1369
32.6677
28.2705
27.1439
23.4759
21.0035
28.2023
24.0451
23.3712
26.4146
21.8815
23.5519
24.3322
26.3531
23.1847
35.6875
24.49
21.6537
22.9318
22.8093
29.4723
22.1792
30.6833
31.7892
23.1136
29.5175
27.7723
24.9724
31.6002
26.8574
25.9601
32.6921
23.6593
33.6791
27.971
26.4383
28.4132
20.2342
32.3299
24.7395
24.9184
18.6087
22.1602
23.7975
32.0187
26.2375
17.3329
28.0954
22.5225
30.6544
28.4435
18.6813
26.3176
19.7928
19.133
28.3504
19.4078
16.8315
19.776
22.2069
23.6729
33.3967
31.0281
22.2553
18.1044
17.1391
29.219
22.7633
18.3385
25.1712
21.6215
18.5232
24.708
25.716
35.3552
22.2492
32.4335
25.8662
25.7077
17.4073
21.5867
28.299
31.7092
29.9629
24.4201
23.4612
34.5534
30.577
24.8701
18.0887
25.3754
28.7365
21.0975
17.9989
18.9311
31.8827
29.7456
29.6644
20.1288
20.2493
25.5883
34.4469
18.6037
17.8165
18.0193
31.5704
22.9395
17.6844
18.4292
23.1792
21.723
30.9549
18.3992
28.3296
18.7211
25.071
23.5518
27.8283
34.3981
27.7895
26.2835
19.9281
20.7237
19.0926
27.2688
22.7436
28.2491
34.0208
27.0213
17.4821
16.6519
17.9703
14.3889
23.7401
17.7469
17.9996
28.664
32.619
15.082
27.0015
18.2805
12.584
16.2726
13.9759
19.8551
30.5428
27.9805
19.4802
16.5769
20.2065
17.9773
15.8129
16.148
18.3226
27.2438
18.7746
30.0789
19.2663
33.9152
21.787
22.3229
18.4166
18.4096
31.3255
18.7579
19.9344
12.3017
14.831
28.4243
21.1782
19.2812
23.0754
16.4621
19.9766
27.2511
30.4202
30.0663
15.6143
32.6619
23.1444
13.0636
27.1777
26.8835
22.1692
26.1342
21.9925
17.0892
14.405
25.3086
13.7832
14.8453
17.7508
20.0153
29.0796
26.2036
16.2253
22.7641
19.16
26.6255
20.7518
16.7586
21.9116
12.9141
17.9941
17.1353
15.9652
15.5875
29.5166
17.0668
30.8508
18.3252
30.3931
19.649
29.9452
17.676
15.177
13.8656
19.2969
33.4835
29.463
23.4681
33.5399
13.828
28.1599
22.4037
14.4218
14.8263
18.6059
18.801
20.0518
19.1683
16.2323
29.589
29.6199
26.4263
18.9808
16.6176
33.7826
14.0581
23.2325
19.3024
14.5826
19.5333
18.3802
11.8436
21.7936
9.30967
13.2079
23.2569
28.7631
14.7198
19.7462
19.4671
11.6721
15.624
11.966
26.1286
28.5102
11.5693
10.133
32.1279
11.3378
29.1961
23.5261
22.0902
22.7787
18.3563
10.2445
14.5822
21.781
9.82041
10.674
10.101
26.2303
20.1817
19.8054
29.3613
27.8823
32.2198
23.7798
10.4141
27.1163
13.9817
14.9928
10.8162
12.1939
8.31881
14.9979
28.8339
30.6009
11.5812
21.0108
23.2365
16.8736
14.3577
14.0949
29.544
21.6701
27.9772
12.817
8.83966
23.6901
17.8571
10.4131
10.6621
15.0471
17.9447
10.7134
11.995
22.9334
16.6434
24.8899
23.4807
21.6611
11.1441
9.75652
10.8078
21.2357
13.8144
18.0403
14.0878
22.1236
11.0703
13.9413
14.3018
28.211
11.2703
24.3514
24.7515
12.0176
21.4558
13.987
9.77583
11.1939
13.638
24.1678
12.9048
18.257
9.60764
31.1062
12.101
22.4207
28.0262
24.3717
29.0834
22.2296
29.9607
21.4001
20.0045
11.8898
29.476
18.5835
11.8794
12.6365
12.0231
5.64878
25.3962
11.4118
13.3937
22.3073
6.4139
28.0949
4.82513
32.1089
4.60123
21.499
18.5292
5.88436
7.8
28.4138
6.92981
7.15831
14.1181
8.08062
26.4075
7.18158
8.79309
13.1062
23.5128
13.5552
25.921
21.6124
20.0054
6.2881
6.25309
24.7471
8.00335
29.7235
10.7758
26.282
20.8229
24.0382
21.2912
5.8234
17.8299
23.4264
4.62414
28.9172
6.7631
4.82663
7.34791
10.5258
18.8689
23.9804
19.7151
28.3686
17.7312
12.7648
22.8772
11.8523
16.3603
8.07712
6.48259
22.9173
21.0375
7.6525
14.6076
25.5901
19.3251
29.2525
17.6335
17.8849
10.9276
15.218
18.7302
9.5631
7.8915
18.8002
28.7554
6.62082
6.13973
10.6224
26.7062
8.50765
15.0769
13.8851
6.88227
7.86207
11.4526
4.67383
21.3442
20.2695
32.0916
18.5394
8.45765
12.3069
25.732
9.40088
16.6991
25.5934
21.8731
13.8822
26.4095
14.5108
6.96244
30.4974
24.3157
1.92636
20.758
12.4081
29.1424
2.25802
31.103
22.5042
17.7385
14.9082
14.8957
22.7298
26.7796
24.9955
8.4832
17.332
21.3262
20.7867
18.2779
25.4321
1.20195
4.62481
29.6209
16.1346
8.41809
3.07611
12.4484
31.5695
27.7266
6.07735
21.9084
15.8467
16.1213
9.38936
5.42333
9.2094
24.6576
12.9158
14.9958
17.9378
3.38297
32.4393
24.7758
3.51245
25.9849
23.6225
12.5505
12.4975
5.87777
12.7796
15.639
19.2744
23.5209
10.8714
6.97745
9.50721
12.2408
18.1744
30.3026
12.4707
30.6017
15.2995
18.5472
28.3888
7.35329
7.38957
16.4423
27.8535
7.89544
15.8782
18.7727
3.10238
25.5758
18.2641
15.2267
10.1595
31.7895
19.7534
10.2028
7.57098
31.7842
28.0812
2.27878
24.7747
20.721
21.5084
31.3212
14.7075
32.2905
20.7964
9.47914
0.671278
9.52799
15.701
23.7463
28.0567
13.0901
6.29315
24.3091
1.88358
3.91491
11.7615
16.9424
1.44231
10.52
11.741
26.7606
14.5256
19.4983
3.77499
4.69582
21.7773
12.5306
4.22391
2.82398
29.8256
19.185
25.0631
7.49096
26.4285
28.4493
30.2446
30.2791
5.67109
27.1418
31.1756
32.2163
8.27506
5.40836
4.94224
23.0791
27.3997
11.8847
4.81551
11.738
15.5078
4.09478
19.7247
14.6749
12.6361
25.3697
17.2574
21.4378
9.37743
9.79241
15.5508
4.18209
27.7667
28.3495
21.9325
28.015
21.7089
5.38338
1.76443
8.30719
4.25144
14.3325
28.3672
11.1915
27.7952
19.6565
25.7596
23.4693
29.2944
31.7297
27.8602
30.1303
15.8757
5.666
30.0083
11.4789
5.05394
22.6963
6.91845
19.099
11.6102
16.9446
15.8698
5.72831
5.54071
22.2826
5.03981
6.99407
7.57576
19.1319
4.22902
7.45145
8.87394
14.8044
10.6219
17.111
4.83233
4.84677
2.33953
27.1813
2.65704
3.19913
31.5168
14.5382
2.1922
10.1559
14.8378
13.0993
25.4891
5.73201
23.4562
15.7439
9.08993
6.74477
29.8483
10.4622
24.7296
16.0386
21.087
13.2303
18.6281
20.1562
17.2547
5.10395
4.29234
13.5872
7.93233
7.59366
8.84131
16.6479
10.282
3.2724
5.84192
28.2072
4.62974
7.05747
7.24815
19.6789
18.117
29.0899
12.4327
29.0759
8.52615
9.51156
7.02929
10.7885
20.2536
8.93767
16.3616
12.2263
7.68788
16.6616
19.2745
6.22388
14.7888
17.6563
14.8592
22.0328
25.2824
10.2458
14.4291
10.7726
23.0462
13.79
12.1933
9.12078
11.1194
21.4216
28.1468
8.65675
21.6791
13.3978
12.9659
32.9688
10.674
25.1613
20.6425
29.1906
8.27352
25.4965
8.37416
8.15313
32.6045
17.0505
18.8563
9.53362
24.1243
16.5051
7.74409
19.7807
20.2134
12.8311
9.0371
29.039
14.1803
32.3463
17.7085
24.1613
12.7682
7.33014
19.823
19.6478
5.44863
20.1911
10.4421
6.49047
32.8395
5.59927
12.786
10.7356
12.6133
14.9071
21.711
19.0903
26.5503
27.5053
7.58589
16.1331
31.3816
15.8577
8.90505
19.9784
26.4898
14.9102
22.1264
9.69592
15.8748
24.1463
23.2626
24.5497
14.893
9.12505
12.313
11.7772
27.1966
8.97218
24.5806
28.5737
5.29614
11.8705
10.8267
9.56603
18.7761
27.3804
12.0037
14.5924
7.39039
23.1659
8.62865
9.96569
28.135
8.98423
26.0694
14.0149
25.3739
9.29965
31.7421
18.2174
12.7502
28.6662
8.13803
19.1209
25.7137
8.30703
5.04155
15.7646
28.89
15.8865
14.69
23.9009
11.7144
13.3829
19.5195
22.003
13.5119
25.5103
19.0878
20.5946
10.2244
27.0036
19.1907
20.6827
19.825
10.1794
28.8173
12.9339
24.3768
14.0281
28.9844
10.2228
13.9805
19.8187
23.3708
21.8083
19.355
17.562
12.6878
12.8701
20.7725
10.3174
14.7702
25.5912
17.8775
17.9585
11.1735
22.5239
32.912
12.0757
15.1877
32.4601
10.8282
28.5758
30.5683
18.2607
16.3243
15.5805
15.8549
24.0048
10.3405
9.4076
13.2979
22.2576
25.6557
30.1544
12.7031
25.918
23.081
24.2436
18.92
31.5691
12.2996
27.9251
9.86122
28.7145
15.9935
12.7785
18.8057
16.2545
12.2115
14.5074
29.057
21.9847
30.5167
26.5241
13.104
26.969
22.6565
11.1533
11.9793
17.1014
18.2328
13.433
28.8428
23.1328
20.069
32.0246
11.0562
27.2144
15.3872
27.0697
16.4771
14.2416
17.6009
20.5309
13.404
16.3211
9.63485
25.0089
32.3493
28.3475
13.5913
23.6562
20.9745
16.5839
25.4888
10.6196
23.3051
12.6316
28.9637
19.7452
15.9453
27.2332
11.6557
24.8474
18.4202
29.271
16.6893
20.6166
21.0372
14.2288
27.1706
19.0369
16.7238
27.9463
32.1547
30.4982
20.8176
16.8734
13.6443
32.0221
26.6628
25.5356
17.5091
26.1168
24.0579
21.1687
17.9597
34.4021
19.5198
29.5958
29.8286
23.8376
25.7796
32.9312
20.0523
16.544
13.9593
13.8652
16.7438
31.0638
16.8525
26.6733
31.862
16.5534
16.5462
16.9285
27.581
18.5437
24.4574
24.1016
29.1007
24.3475
15.9979
21.7085
25.8867
32.1858
18.9652
26.2917
21.0821
25.5943
13.849
27.4283
25.1614
21.4738
19.5931
19.2802
23.0047
23.1596
25.7404
16.1221
18.303
20.8522
17.5149
22.2232
28.4202
17.8352
16.0814
20.1288
30.0402
22.9714
24.4795
18.9593
28.0099
19.9693
14.7003
14.53
24.852
21.119
20.219
24.763
14.3759
22.2443
19.8901
14.117
29.0862
16.4996
15.8625
15.7112
13.4312
34.0506
29.5809
32.3598
29.8653
21.8348
22.6588
26.3599
16.999
17.1288
30.0253
27.9446
28.6227
27.4762
24.5818
28.3765
23.7802
16.1248
20.7119
22.7136
27.6504
29.9857
18.903
19.9039
26.7585
22.2646
22.1983
23.5535
31.666
18.7896
34.3661
20.6408
25.46
18.4071
24.0579
18.1156
26.9111
18.8354
33.4797
26.7975
21.2051
22.3332
22.3613
23.2644
18.9561
18.9607
25.8811
28.0106
20.7113
22.837
25.4479
18.7742
22.7557
20.5101
21.0231
24.9174
23.7916
33.1665
25.0397
28.607
20.4091
19.0402
31.3617
31.9844
30.2853
17.3826
32.0122
28.2699
29.1654
20.9751
18.5665
30.7697
20.1694
27.6153
19.7858
20.3795
19.4142
20.4434
23.5155
28.8421
25.874
23.7004
21.055
23.9284
19.557
24.9559
18.6708
27.1002
22.9866
29.6782
27.7745
18.9142
31.8389
28.4253
32.6256
26.4512
25.9196
21.1002
34.0548
23.9582
31.652
26.6783
28.696
20.8173
27.3525
24.4703
19.8092
28.4704
19.9644
19.0037
31.3343
31.7084
19.1961
18.2363
21.9069
32.6779
29.0458
25.4029
18.2502
25.3524
30.0032
26.6952
25.7877
30.3301
17.7204
25.1916
24.2687
20.0264
20.1804
19.8855
31.8769
27.2806
22.7504
29.1258
23.3287
37.0535
27.9459
23.4277
28.2411
23.9049
22.8168
24.0138
23.1321
27.6973
23.2685
33.3568
25.9778
25.8547
24.4978
31.2731
35.3166
21.8054
26.5603
23.7029
32.3789
32.6065
27.398
22.9983
24.5044
31.867
25.9781
30.3341
21.3906
25.0445
23.4848
30.1812
21.8565
23.8937
29.7267
22.7305
24.1703
28.1505
31.9984
24.3357
36.2951
23.9921
26.1301
37.0713
29.5852
33.9359
30.0973
25.1202
31.2918
36.0139
24.8383
21.5782
25.0442
28.1047
24.495
22.8817
23.8311
32.6323
28.4251
24.5108
30.6345
28.5851
24.7508
23.0534
34.2775
23.9361
26.6746
27.8043
21.2669
31.5597
27.5034
32.2612
27.9115
37.4726
32.2508
35.6429
23.5392
27.9055
28.5652
23.71
27.2858
37.2855
26.145
23.8032
21.4871
24.9078
24.8764
23.2
31.5804
30.361
23.3156
24.3729
32.4816
24.5965
23.3909
38.203
35.1069
29.5327
25.4886
34.2109
28.6313
27.9133
24.6317
26.0679
37.8663
26.9884
29.5028
27.5264
33.9538
33.9524
27.7109
31.3746
30.5043
31.814
30.0064
35.5272
26.6119
26.1072
27.3921
27.9807
30.1056
33.9376
31.1918
28.6214
32.869
27.3278
37.0844
32.3918
27.3489
32.6738
26.4922
37.1352
27.7045
27.3876
27.6287
25.5812
27.4098
33.6711
24.9405
31.3706
31.2448
28.0306
29.8781
37.1641
30.1499
32.3339
27.7455
26.9231
26.2256
28.5544
30.0352
34.4104
31.0282
29.0441
36.1682
34.3453
36.7586
27.2911
28.0983
35.4091
27.083
34.6677
27.2764
35.2395
29.0444
32.9373
30.4699
27.1794
24.6713
29.1298
33.4686
27.4912
26.0569
36.3987
32.0767
30.414
27.6369
26.7675
26.0648
32.9834
27.2953
31.2452
26.945
25.8757
27.8885
25.7141
30.2728
31.7031
29.1702
32.8343
34.3837
27.7779
26.6727
34.3777
25.9692
30.88
31.3011
36.928
27.5529
34.9963
35.7313
26.5374
28.3021
33.6149
30.9156
32.3275
28.7834
26.4745
28.3374
34.6421
36.5894
35.2902
33.5577
26.2496
27.4704
31.2481
34.4818
26.281
29.5017
28.2678
33.2531
28.6391
30.3825
30.9495
29.3248
38.1407
35.2719
29.4745
30.8412
29.8839
37.195
28.4472
29.6949
27.9537
35.9701
30.732
26.7404
33.6545
29.5038
28.5886
28.1108
26.8795
31.5507
30.4506
26.5511
29.2871
26.3974
29.6136
34.7852
32.4736
29.1562
28.374
31.2088
29.1969
32.4732
29.8522
38.371
32.0484
31.097
32.2914
31.6157
33.4152
27.5123
36.0864
31.5327
31.7641
28.4791
27.6119
29.4583
28.719
31.7914
30.5759
33.6581
35.6299
37.5394
31.6045
35.3409
30.5317
28.5096
38.5453
35.4701
28.172
25.1861
22.9821
29.6548
23.7345
24.8422
32.6909
26.8866
27.7495
23.2483
23.9094
34.7837
30.1727
35.6535
26.0326
26.0326
27.5334
24.2018
29.0149
25.811
25.1656
29.863
30.2364
29.9125
26.0824
33.2073
27.4616
34.0068
30.5236
24.1889
23.4427
25.3013
28.8307
28.805
26.0864
29.3816
27.4159
25.2317
33.6371
26.525
30.8323
32.0913
35.1363
24.9785
26.7325
30.9837
32.0715
29.8307
29.8602
24.3636
25.6799
25.8003
25.8435
26.6245
33.9897
23.7003
36.7112
36.7191
25.4574
24.2355
23.7911
24.0849
26.3891
28.6891
24.5912
30.3826
24.1558
29.2381
34.4504
36.2713
23.6816
25.8717
34.5973
25.8145
32.1031
30.6656
26.6134
28.0093
22.8976
29.6851
35.0554
27.8668
23.6939
25.6287
29.8123
32.5346
35.5324
24.4662
24.669
23.4013
24.0491
30.0891
26.5632
25.3636
34.1822
34.8912
19.7847
24.9614
27.2695
23.8333
34.4232
21.167
32.1359
26.4101
22.1737
27.9183
22.4072
27.5193
25.5299
23.1738
32.4905
24.4278
20.1525
34.2728
28.7808
32.8114
22.8068
23.2862
34.5147
21.5793
19.5502
25.9953
21.6202
24.8875
28.4083
29.0534
33.4654
31.1865
29.7663
28.5036
32.3649
20.8527
31.9824
33.0453
29.6546
31.4696
30.1145
18.9347
19.7743
21.8417
25.0875
27.5993
19.4963
32.922
27.7426
21.56
23.8464
22.2167
24.3403
34.28
19.152
20.8497
23.2491
32.2206
29.1594
19.8689
23.2801
27.8523
23.7542
22.0224
29.2735
22.3291
23.0589
31.0551
30.8514
20.6615
24.114
26.8154
28.6281
22.965
21.7542
22.503
32.5692
29.0963
20.1991
23.3031
26.5993
31.0024
27.6605
23.469
33.291
22.4541
20.7142
30.1228
22.5268
32.9622
31.0137
27.0551
34.3669
23.4092
27.8201
21.1907
25.6495
23.6581
26.4386
23.2716
20.715
32.66
23.105
24.2232
33.1354
16.9912
24.3936
30.1254
23.7903
28.0951
19.9395
24.8
22.4445
19.1942
15.8586
32.0881
25.5928
18.3283
15.661
16.1781
16.0468
28.086
27.41
20.012
28.3037
17.3955
26.6693
17.4839
25.8277
17.5351
33.0791
23.8086
20.3251
30.4812
31.6364
24.3332
15.9971
15.7123
28.5768
16.6273
24.8783
21.2915
33.7556
23.8046
21.9721
31.7752
22.6465
26.0261
17.634
17.1447
21.4105
30.8588
20.153
19.5315
28.5777
18.4047
25.7616
29.3354
32.4592
19.838
25.5122
31.197
22.1588
31.5915
16.4325
26.3349
16.5606
17.7775
21.4612
18.5772
28.0064
18.5507
17.5243
24.2959
23.4571
18.8519
17.3222
18.9723
19.3304
20.1913
26.9124
25.2436
19.6443
17.4217
30.2838
32.0524
26.5105
25.1422
23.6697
16.2414
23.3683
18.8264
33.065
27.595
31.1332
17.0867
26.0426
23.097
19.2021
24.4435
25.8183
26.2641
21.511
21.0424
24.9133
27.6328
32.0062
20.2906
29.1297
25.0231
27.5416
16.2472
16.994
17.6533
11.9775
13.9185
20.0608
19.9964
20.1458
12.6468
21.5139
14.1926
17.6388
29.5187
22.4039
21.3779
20.0637
14.3567
30.8342
31.4123
12.7392
22.6473
13.4343
27.092
26.3943
13.4598
29.8789
24.4491
29.248
19.144
24.0654
31.7732
28.6622
12.9641
22.7038
30.7627
22.293
15.7471
15.8385
21.2899
31.5181
14.3457
23.504
20.3909
12.2101
14.4328
30.9899
13.7782
13.9573
13.8278
20.374
15.4824
24.6298
16.8914
20.0814
23.0935
22.7552
15.394
29.278
30.8758
14.9811
19.1316
18.1118
31.6822
31.6117
20.6512
18.7102
32.338
25.7022
28.9945
17.9288
18.0239
15.5775
30.9872
25.5927
29.8373
14.0626
30.2114
17.2512
17.3339
17.5739
20.4787
17.2565
12.7119
13.5488
26.4337
23.2947
14.3792
12.5989
16.4404
31.9197
28.6306
16.3208
15.6662
21.1369
18.6168
16.8569
13.4634
22.4315
18.7955
16.4656
14.4995
25.2688
16.2295
17.3175
20.7925
24.1372
26.0271
16.9613
13.4068
21.9244
16.6872
26.0955
23.3261
14.7695
11.4571
21.75
20.0832
18.9164
15.7136
19.0605
27.45
11.315
30.7462
10.7567
14.3325
10.2478
10.1324
11.2246
10.7495
16.0482
6.82444
11.0899
19.8025
8.25104
10.6821
13.2053
8.57075
28.7306
27.1451
28.1642
8.26827
21.4551
9.59425
16.839
9.46231
26.0673
10.4251
24.7764
8.05221
25.2337
20.9435
14.9992
18.4637
29.1697
10.4893
9.23929
19.756
11.6518
18.6254
21.7065
10.4006
10.8802
22.682
22.5537
12.4171
8.18714
10.0273
23.7905
9.25114
24.8839
12.1652
19.2462
13.6137
13.4996
8.69861
17.4991
10.5889
21.8016
20.7466
20.2985
11.3199
31.6908
10.0535
11.2884
7.75607
18.8182
26.985
9.6879
31.1921
29.542
10.8359
23.8854
12.7985
21.2057
8.54444
27.6741
19.9092
8.58312
9.50422
10.5182
29.6851
23.4828
20.4919
13.694
10.7166
19.2296
18.1238
16.5927
27.6622
9.52828
11.2778
29.9769
24.4328
11.1353
21.4441
28.1899
25.7855
17.2602
25.3853
10.6818
10.1266
17.936
22.8844
23.9522
10.0952
29.8949
15.9637
18.9587
7.03751
24.0548
6.59851
18.5049
7.62459
11.717
20.8337
9.57519
15.6962
29.1914
29.1958
13.8509
24.8038
9.51812
14.4728
7.2576
13.0007
11.5617
3.67249
13.4681
24.4848
3.13991
6.83339
25.6507
20.7493
14.8569
26.5559
28.2744
23.4243
5.01853
11.3119
2.85461
3.87281
10.7781
5.33431
29.5573
9.10294
5.69293
7.44375
31.2678
29.8116
19.9738
31.1728
20.4485
18.4183
14.5035
7.66159
22.4927
7.78744
14.738
19.9096
9.80654
13.6093
22.1595
13.6451
23.8852
19.4933
19.3596
20.8595
29.5794
12.6587
9.04576
14.983
3.20909
7.52979
6.18341
23.924
13.7096
7.07311
30.5759
10.9804
31.2706
17.507
20.651
6.53732
20.8586
6.4193
13.5177
22.0206
17.1122
9.03134
7.24057
4.10055
15.4966
12.9737
28.2152
7.59981
4.28648
9.07297
17.1605
12.948
23.2393
9.34182
13.455
23.1289
6.10369
19.0764
29.6251
12.2874
20.5051
13.046
7.42995
22.4285
23.2218
24.5235
27.2412
6.37671
27.5539
16.3632
4.5833
5.53714
6.66773
14.6517
1.77549
8.1501
24.468
10.1373
26.3626
10.8024
4.96737
23.7043
6.14427
19.8726
2.13813
1.30162
19.6155
13.4292
24.9653
8.98723
27.3655
21.562
1.91531
25.4899
10.2268
4.22762
1.78338
27.0198
12.1441
12.9171
11.0832
6.95655
12.9039
27.4722
12.8546
29.957
20.1282
27.4842
27.2065
3.76262
14.4424
10.8901
17.4129
6.98516
10.1525
2.08409
21.8971
19.4996
16.0213
6.47932
5.88129
22.4819
18.3712
10.1339
7.24224
13.4151
13.7903
12.9892
28.0763
1.29213
20.7918
12.5511
3.27869
21.8257
19.5644
3.06345
11.8895
6.98582
15.3457
27.859
13.515
11.3145
15.9796
19.4954
11.5563
16.366
21.2903
5.14396
12.0962
27.7314
22.5564
8.39104
22.2938
4.78329
20.414
23.3576
4.8146
19.9648
11.1061
29.2711
4.95133
29.928
18.8027
8.57122
29.3122
7.08204
20.2595
23.8153
12.9213
24.8693
24.2601
23.8917
2.26332
25.8525
9.80398
19.1841
4.88084
25.5132
5.92924
6.69944
12.5039
7.03459
11.9302
18.6835
18.7453
5.77952
16.5039
11.5821
15.4113
2.04697
2.98222
1.6964
4.62055
25.1444
17.3293
30.9312
16.4382
4.09778
21.3604
8.37976
12.9215
22.4856
21.2657
9.24479
28.9657
25.4385
14.2402
29.3818
25.186
30.46
5.45049
21.9181
8.06788
20.5898
28.2815
15.9241
12.19
15.1904
15.3293
5.23608
14.6183
18.3351
17.6737
16.1441
9.22021
16.8921
27.9739
7.67221
27.5735
17.6242
5.58968
10.918
7.70663
4.04884
4.05273
28.2141
21.2731
28.3582
29.3196
28.7503
24.5435
19.976
18.1109
23.5243
5.56304
19.0986
28.5611
15.6431
29.2769
30.8838
3.51418
29.4999
17.2393
3.69068
4.05429
26.3828
23.7426
5.84954
24.6132
8.75168
31.1133
15.427
11.0518
20.4573
9.97795
15.0721
14.7789
5.23855
9.45354
6.71388
20.9261
10.0457
8.73098
19.9194
30.0577
7.35799
15.0311
17.8513
9.96116
5.60529
29.6193
11.9031
9.92514
24.3624
23.5603
5.42172
10.8264
26.4333
13.5746
12.6185
22.9265
4.64956
22.0555
14.4955
28.467
5.28855
21.9299
27.9446
8.32286
5.91644
29.481
18.3685
14.6275
23.398
29.779
19.6563
30.3244
22.6813
7.43152
6.66142
10.8377
23.7697
27.0246
9.50737
22.5458
24.3984
18.1177
29.3315
16.4791
19.959
13.1453
23.311
13.6154
16.0359
17.9608
21.8953
10.5104
7.20367
15.6515
12.0906
8.27742
15.4585
17.4263
10.2911
19.1218
6.064
10.7368
20.5753
10.942
18.4488
12.4328
25.45
18.0844
10.5567
9.83494
16.7679
23.8673
28.0834
12.9437
15.2588
21.7246
6.42747
26.2554
10.4393
29.3048
12.5417
10.758
19.7747
13.3939
11.8807
7.06091
7.55629
18.0607
9.56364
23.6531
17.6372
12.7914
20.1149
7.64085
12.3949
13.2909
16.8059
18.9834
22.188
23.2779
11.0301
7.99685
21.5812
15.9163
19.6713
25.4106
10.8708
10.4734
19.3058
17.3676
15.6076
25.7384
19.1439
16.8712
20.3856
23.0383
10.8743
8.46501
19.6137
15.0351
10.9098
11.3761
22.4635
25.9149
27.8255
28.7496
7.51712
28.0157
14.9422
16.3791
10.884
20.9722
22.1257
19.6672
11.5085
10.0525
12.0782
20.5932
13.2294
30.7207
8.35759
13.7864
7.29766
19.8675
19.6269
25.1732
23.3818
13.9178
26.8237
12.6159
9.2313
30.9508
26.1157
20.2691
17.1612
14.1513
22.5527
7.19527
30.2393
12.4694
18.011
23.3662
8.27734
9.87667
12.5445
8.37966
27.2892
21.9943
11.4365
25.0948
20.2438
8.34723
30.5856
24.7702
27.2519
18.4978
19.0658
12.7411
22.8473
25.4151
11.0418
14.6801
13.9331
29.3865
20.7182
15.1161
24.0909
13.1934
13.5277
14.5724
17.7338
11.9848
12.2656
14.2988
30.7915
30.1089
28.6747
12.537
16.5108
12.0018
13.2471
13.5883
17.8454
11.3413
25.479
20.381
21.6227
11.9996
25.5825
16.1032
18.1136
14.9233
18.4949
13.6278
14.1928
19.8013
30.705
27.2917
14.1789
28.0952
15.1327
19.9582
24.8722
17.7707
27.0553
13
16.9121
13.5564
19.3354
21.1158
18.9108
18.6255
24.5374
20.4221
27.8662
13.2207
14.4208
17.6724
24.3368
27.6006
24.9328
24.9089
12.9403
14.0085
12.2338
16.8132
12.4323
13.5465
26.5885
15.7792
16.68
18.7522
12.1321
13.9099
32.2381
30.67
24.9226
31.2283
16.4047
23.8337
17.1859
25.2132
15.8101
24.4443
12.9518
11.3891
14.6892
15.8199
12.3261
17.2452
16.4791
13.2666
11.9027
30.8742
25.7948
26.9627
14.8112
12.7549
28.4513
12.4493
26.3587
14.5589
10.4465
13.9556
13.7555
13.3665
15.2618
11.3314
13.26
12.5342
12.353
14.6219
28.4644
13.235
14.8402
11.1451
15.8859
18.6694
23.5956
26.2652
18.0084
14.962
25.5441
18.319
16.4811
23.0026
18.0129
23.1964
18.2262
25.0271
21.6248
17.2405
20.4221
29.7884
32.1904
26.6167
18.3985
15.1565
24.7084
31.6749
18.186
25.7226
19.3453
19.5847
32.4969
25.2041
16.1551
15.3749
21.6417
27.6516
27.8281
15.7399
32.5913
29.4721
18.3625
16.9178
28.7465
16.1244
19.5335
24.7305
17.4097
29.7578
31.0726
17.8398
15.9986
17.3008
29.3351
32.6034
17.8661
23.5243
14.7977
24.1686
22.6377
23.363
19.2627
33.6061
23.411
16.7675
32.8833
20.4813
31.3779
33.6081
17.7513
15.8046
24.2933
29.508
19.5489
18.9468
33.1081
18.7005
28.7918
23.3571
16.0299
18.8286
25.5467
19.1888
27.1046
20.5558
24.7935
31.5388
29.2139
17.9572
20.0805
24.7997
31.5239
20.2209
14.8022
15.14
15.0455
24.8349
16.9319
22.7386
20.7132
15.2419
32.5485
17.5538
19.42
19.7153
15.4914
22.2651
17.4531
32.407
23.5147
23.692
18.1533
15.9699
24.1302
32.4909
26.6917
22.9583
26.6485
20.4344
16.7067
15.01
26.3774
15.7685
23.2854
23.362
27.7098
19.4607
30.153
28.101
33.145
28.9632
32.1504
33.5292
27.7684
20.4735
29.9401
22.1806
29.2336
19.2168
21.8341
33.4113
33.0452
32.8544
29.1996
33.3561
24.1801
34.0263
29.0965
30.2483
18.5372
26.4998
27.2808
32.0542
30.2675
23.6441
22.07
19.4549
23.8537
28.912
29.4694
24.1705
18.41
22.4275
28.6022
30.823
23.1662
21.7208
21.5663
32.031
23.2828
22.0387
19.5985
33.7116
20.4333
24.4672
27.1236
20.7068
35.1288
28.2514
21.766
21.5569
20.9477
32.9315
19.7497
31.0757
21.5456
20.9143
28.1173
22.47
22.9741
21.782
31.8886
33.6506
34.762
35.4111
30.742
26.2759
30.4075
22.0634
30.4481
21.8443
32.1571
24.2201
27.1859
32.8708
25.6935
21.4887
31.0801
35.0436
21.4699
21.0202
23.8147
31.0707
25.1697
20.7187
23.8593
27.9489
23.8536
28.6348
23.4119
24.5422
35.0519
33.0308
23.019
33.6575
28.2421
31.0148
23.4215
23.3089
23.51
27.4062
27.8465
23.5746
27.7791
28.7188
29.1297
27.425
35.171
34.6236
25.1613
28.9775
30.5713
21.976
25.8381
23.314
33.2627
24.8039
27.1164
22.3683
32.3104
22.9012
22.9176
23.4244
27.4008
28.5399
23.6737
25.5316
35.5781
35.0733
23.2637
32.5196
32.0424
25.7112
35.1945
24.5921
29.4068
26.057
25.4309
28.296
23.6412
32.9732
25.7461
26.1379
25.6589
36.6766
35.5879
22.8777
30.9203
24.8735
29.2819
26.8399
31.7835
23.4222
25.2335
29.7625
24.411
30.1766
25.1284
23.8663
24.209
24.796
28.1326
23.9939
22.4799
35.7423
28.3111
31.0276
36.5822
27.9341
24.7494
25.155
22.5451
32.9001
35.425
36.2659
31.6522
26.6128
31.7015
24.8907
34.4079
27.1406
25.7839
31.3094
22.9716
25.7487
23.059
21.9001
31.964
24.9215
36.0046
24.4333
33.7736
23.9735
24.5223
24.7537
24.0908
25.839
35.2613
32.9296
31.6538
33.4096
27.7498
24.3817
26.8306
32.4549
34.5354
25.0076
