33.729
27.4281
28.837
25.814
32.0129
25.2904
32.1189
34.3847
26.1182
27.3016
25.9389
31.3182
26.2167
27.4281
29.8904
28.151
31.049
26.7144
36.6946
25.5818
30.589
31.543
24.4565
28.9516
31.8959
25.6003
27.6291
33.6193
31.2979
29.8563
32.2731
28.6884
26.5526
25.3905
34.8448
27.5367
27.0938
35.7353
27.0111
27.9623
29.0685
25.4061
27.3229
29.9241
26.3385
28.7143
29.4956
33.7106
27.9312
33.0106
31.9159
25.8054
26.995
26.4377
35.7637
31.4642
30.3502
35.4447
32.1496
27.7274
26.1663
32.4169
26.8632
28.6049
25.5683
32.8094
28.7456
25.5826
27.3006
25.2637
26.5807
25.8606
27.8322
23.2938
22.97
30.3596
21.6685
22.0171
22.1055
24.6365
25.3438
22.8484
21.3298
31.6363
22.1643
27.263
32.4435
21.9051
25.5595
21.4368
20.8308
24.1886
24.3413
32.2885
24.6838
32.8827
27.8865
22.8748
31.6958
34.3949
27.9352
23.2343
24.3598
33.7806
26.9916
27.8263
33.6367
22.5372
22.6089
28.6825
30.3811
24.905
31.6643
24.4198
24.8196
26.7177
21.1613
28.3487
22.6631
20.827
22.8167
30.8305
27.6127
24.9132
24.6044
29.4611
26.1568
22.7513
22.3292
19.577
29.876
27.1679
30.9317
22.6014
30.0478
18.6159
34.7394
17.4797
20.4128
18.0041
35.7382
36.0219
20.4787
19.5239
19.9916
31.4085
27.6264
27.8918
17.6944
28.3777
16.6733
35.0231
23.8099
30.0466
30.6243
19.5172
20.4644
33.4232
18.5963
24.2602
19.6675
20.8497
24.1414
19.8274
35.3001
27.9643
18.6853
21.3995
21.5134
19.7762
29.0165
20.9158
25.0012
20.6134
23.4826
18.6629
34.7081
24.8608
26.905
26.7032
17.0664
20.914
20.1989
29.8177
19.6217
30.0091
23.2115
19.1056
21.6128
23.6674
20.2309
18.0968
16.579
22.0717
16.8935
21.792
16.8331
31.8089
22.4185
14.2298
16.6367
32.1488
14.4475
16.0275
29.7408
14.7107
18.8551
20.5328
14.6043
28.7547
12.8203
19.0094
28.2824
14.9545
16.7955
13.7221
19.5896
28.915
24.0263
16.2485
16.413
15.5411
18.1315
15.8129
28.9965
15.4326
22.8363
25.107
31.1342
15.0993
16.5635
21.5368
16.7738
15.8098
17.652
27.726
25.9298
14.6997
22.7897
15.5733
32.9667
13.8637
22.3822
16.7915
33.578
30.8562
35.8589
29.9306
34.2192
17.908
15.3055
34.6207
15.0195
14.626
22.3151
19.5261
16.8782
30.2364
17.9824
25.016
34.8187
14.4196
21.5979
19.0728
13.4262
35.1175
31.6213
33.3652
31.3808
17.3851
15.5758
18.7454
26.9538
19.7072
25.6888
23.3285
34.5886
11.6703
30.8405
13.9233
28.3884
14.6205
20.554
31.7519
33.0007
32.8731
21.4736
12.8382
12.5391
33.162
23.7998
21.3051
19.8095
13.703
24.9305
18.5155
26.0364
19.9437
11.0839
32.6191
14.6067
33.4955
15.3887
13.5824
25.0141
13.0549
25.8611
17.8854
16.364
22.3398
15.6716
26.6936
12.1387
19.9217
10.7238
11.928
27.6058
28.3815
14.1336
33.0176
18.7366
30.2333
29.776
11.8128
31.113
25.2153
32.3693
27.8895
28.5256
21.4932
28.952
25.9221
13.4574
12.677
28.5233
18.2921
27.8641
35.1068
28.5815
16.1044
25.757
14.075
32.3802
11.7776
12.1382
31.5841
12.0149
16.5382
12.0127
25.5927
20.4031
20.6143
14.8687
19.484
23.8522
31.4352
22.3717
15.7181
26.4002
33.3734
27.8616
20.6147
32.8021
15.6782
23.0324
24.1326
29.7937
23.3649
13.2042
27.1468
15.9329
28.1708
32.0699
23.3484
15.0438
26.7771
25.0246
27.3872
24.1073
32.8465
33.7831
28.8012
24.4059
15.475
31.1414
20.9345
16.5079
26.3273
27.2852
33.2917
11.8823
30.6392
21.0324
33.4311
16.2506
12.7901
26.8931
22.1788
20.8699
32.9777
28.1503
32.5741
27.09
27.7788
20.4582
10.1437
27.1436
23.5949
16.1141
21.6212
29.6489
27.5841
24.1159
26.4825
25.4437
27.8179
18.2437
13.3054
25.2674
15.5153
26.3561
12.5562
14.289
21.5792
18.1914
21.8296
12.8528
33.2195
19.8631
20.1985
27.449
15.124
13.2831
27.4564
19.3846
20.7203
13.6908
20.176
32.2159
14.4384
17.7785
18.9381
16.7032
15.8796
17.5631
18.7596
14.4255
14.733
26.8634
27.5274
13.8394
20.0427
16.0697
21.8616
17.8437
25.8802
24.3745
26.6253
30.9933
16.5392
27.2378
26.2629
18.5895
14.3658
23.2687
32.2728
18.4981
20.5318
16.5648
22.2613
12.1345
19.3204
17.9672
28.5025
17.7593
29.3761
19.5698
22.2111
25.5107
24.5353
17.2719
27.8903
18.2491
10.2731
14.094
25.0766
31.4124
32.993
12.5376
27.3094
17.8003
15.0348
11.0401
18.9277
16.0679
20.5571
32.5718
21.8435
28.1042
28.6249
23.115
19.3966
22.8883
24.1603
19.5919
28.5868
23.7474
24.0636
22.3543
15.8192
20.8197
27.6364
26.5294
24.8536
16.0533
27.6165
29.186
22.3076
27.6356
27.3756
17.767
18.788
14.2754
26.3379
17.7456
17.8833
31.723
32.6406
23.119
17.1616
33.0729
17.5887
12.9038
28.7429
14.5076
22.6279
10.7159
18.4103
12.9323
15.2178
20.8672
11.9099
17.7789
25.2147
26.5269
23.8857
20.7545
12.8732
14.5367
27.1492
27.0655
19.9914
29.1203
27.1576
22.4205
15.2779
27.1655
15.6699
20.4326
25.6678
26.4461
26.109
32.9234
19.1752
28.0654
26.103
21.7912
13.8904
14.0397
23.4261
23.9672
23.2389
30.7311
22.7958
30.7422
29.1012
9.82961
27.3747
14.7911
25.8467
32.3461
11.3003
26.7578
20.9853
29.7052
25.7587
32.0628
27.2301
24.676
32.9575
20.0701
9.80382
31.0757
18.0785
23.7089
15.3216
24.3521
24.8643
28.4553
27.3785
29.7833
21.2766
19.9607
27.8724
21.5101
29.0697
13.4266
19.3401
29.5402
28.2828
16.8643
17.1832
27.8171
19.7503
13.6582
26.5411
22.1217
18.3015
33.2775
17.4102
27.2361
13.3391
33.6369
10.9615
27.818
31.6969
27.3288
26.2123
23.9006
19.4746
28.8444
19.3054
32.4221
25.6875
22.4403
13.965
18.6261
13.1919
28.9892
12.257
12.3582
12.8155
33.3181
22.0089
11.0448
15.7337
16.9837
29.3782
28.3915
14.988
26.171
32.6782
26.0188
22.2357
16.2205
28.6605
17.6039
24.3018
30.7277
16.1448
13.9513
29.576
34.0287
29.736
22.0054
25.7116
20.0638
20.5132
19.1623
22.8833
27.0527
24.4773
14.7092
21.8045
19.1653
27.5716
17.2478
17.3342
16.8732
13.9951
34.4806
20.6764
16.2452
20.6695
22.9509
24.6699
14.0134
30.9721
15.8449
34.6338
25.9961
34.3948
15.0989
17.9689
30.4358
28.6366
30.5547
16.8197
14.9399
17.787
16.093
22.5255
34.5068
35.935
24.1196
22.8124
25.8281
14.2742
24.9858
15.9399
19.4635
18.1415
21.8839
23.2987
20.6675
16.9154
20.8737
24.6143
33.8699
18.9107
23.2744
26.1466
23.3591
25.5809
15.6224
23.8877
24.5586
23.9518
18.7389
34.4119
20.9163
32.0123
34.0753
25.6847
32.7874
20.5157
26.8048
18.4392
37.5162
20.4189
21.3089
17.7549
20.9525
21.7475
20.1413
19.3301
36.3428
22.1517
21.4743
27.4612
21.2769
33.7857
36.4959
25.6521
26.6355
19.0117
20.7016
27.2007
25.9727
34.6367
20.3824
18.6833
19.9149
20.8409
28.7979
20.8826
19.5162
18.9399
28.7721
21.237
28.1149
20.3058
28.5221
17.9159
19.4493
28.5612
18.8872
20.5151
33.2643
21.8864
19.3203
33.707
30.1233
27.4563
28.9001
20.6326
20.5456
30.2361
20.3914
25.157
20.4783
18.2935
20.1638
30.0909
34.302
23.819
25.646
24.3352
22.8365
24.49
26.8535
23.4522
25.9358
26.7113
37.1039
24.5654
25.933
23.9506
33.8445
24.7209
23.2467
23.2419
25.0629
36.7097
31.7305
23.5869
38.3382
23.8555
24.385
37.8185
22.8246
22.8531
33.727
32.7683
22.2944
22.8581
25.8684
31.5049
24.1431
28.0471
28.813
26.5944
38.984
29.4336
24.508
24.529
25.3658
31.1254
36.4902
23.9938
31.8945
34.4064
36.3481
24.1801
25.7548
23.8803
29.7225
26.3114
34.8201
22.451
25.2096
33.6887
26.2453
26.7603
25.1989
25.0186
29.5249
27.6902
35.509
22.0803
37.778
40.1682
25.8457
26.6488
25.6481
26.5026
37.5406
28.7171
28.14
27.3475
40.0403
28.507
27.2685
26.6905
31.1715
33.2462
28.9264
28.6741
34.8459
29.7924
32.4702
36.4338
35.4313
30.1794
27.3252
28.9274
30.362
39.5083
28.2294
32.7989
28.8331
26.2994
26.9845
27.8793
29.2222
30.6496
36.6738
26.0301
38.7038
28.6097
28.5935
28.1956
27.0518
27.7437
32.1032
27.702
30.2669
36.1782
28.1583
26.3798
33.134
26.6985
27.8204
30.3988
28.1529
35.362
36.7883
27.9936
27.252
28.612
27.3257
26.2063
27.4971
38.9055
27.1232
30.0182
30.7156
36.5359
29.602
29.3927
30.3102
28.8482
31.6245
30.5248
30.4705
29.7167
34.4066
29.6954
33.0071
30.0792
35.125
29.142
31.4299
30.8626
30.5394
28.9119
35.1563
28.8791
29.5155
30.5338
28.0146
30.718
29.9666
30.0251
30.6285
30.5079
27.9028
29.4642
28.9205
28.3115
32.4166
29.0628
34.7474
28.6286
30.1957
29.7459
31.8662
29.0927
40.3536
29.3327
29.424
35.2577
27.9575
36.5905
28.4695
29.526
39.5251
31.2611
29.0085
30.0962
30.7181
27.9497
30.3859
30.7105
29.5936
30.339
39.1957
37.4025
29.2159
36.6439
27.3237
27.1307
26.4394
32.781
24.7544
27.3827
31.1817
26.2402
26.7487
37.3347
36.3012
30.3486
25.1667
26.3235
25.2853
25.8291
27.7534
35.7745
25.2672
29.5848
25.6741
29.2539
25.4641
26.9291
27.9698
25.2447
26.7361
26.8645
25.9824
25.8025
25.967
36.8149
28.7665
25.2023
26.713
36.8807
26.4099
33.3122
26.6839
27.4971
26.0255
37.5215
26.4587
35.4261
27.8805
27.9195
25.7393
38.1453
27.5956
25.525
27.6836
27.1679
29.2866
29.2979
37.8905
31.2901
26.4172
26.4685
26.5333
28.3827
26.9651
22.9189
25.4428
34.8869
36.1039
25.1053
23.2869
36.1176
31.8139
24.57
28.491
22.247
22.8763
27.5536
21.6267
36.5689
22.4094
22.9413
23.3132
22.0596
23.0028
22.6935
32.3451
23.049
20.6381
32.2581
24.2175
28.6336
27.7679
21.2421
35.1678
23.304
22.2779
20.4595
27.4481
26.3685
31.9101
21.9148
31.6691
23.143
36.0592
26.3386
23.8255
22.8436
20.5052
24.436
32.611
24.8995
28.288
20.517
22.7266
22.0606
24.0714
21.4445
36.2409
25.6729
24.279
23.2726
20.9901
24.1759
24.3207
30.171
28.376
29.5524
26.4358
19.4316
22.9305
20.8324
22.0265
16.816
23.206
33.853
34.3998
23.4765
20.2124
25.5429
19.5437
25.5147
18.9723
25.1042
20.7978
19.4923
22.4119
18.4811
29.7897
18.7426
29.4493
19.6769
20.4215
27.991
17.2083
20.0989
27.311
23.0362
18.2328
18.6909
32.3275
27.6867
16.8216
16.4606
17.6993
18.5127
29.4943
23.6142
23.5207
28.7684
18.0969
20.2182
29.0207
23.1029
21.7873
19.3772
24.1836
33.3931
28.4962
33.5554
24.239
19.6981
16.2462
19.8814
17.1536
19.3754
22.2384
21.8192
18.8127
32.1058
18.8235
25.4934
26.4471
25.4975
30.183
28.3043
29.2975
29.2722
14.7928
15.0497
32.2701
28.6329
27.3563
26.4185
16.3132
16.7267
12.596
31.8346
31.3629
21.6589
16.2593
14.2917
22.2593
13.7745
18.9083
32.6135
16.0195
18.5326
13.8832
30.0536
23.101
13.9696
18.926
24.1619
21.3032
18.8753
28.2769
15.8328
19.35
27.2429
32.2491
18.2883
29.8838
16.7658
27.6794
15.4414
24.9247
30.1013
14.6511
27.5992
16.5657
13.6736
21.87
28.0846
27.7334
22.1753
15.3736
25.1344
16.0817
25.7915
30.0291
14.4814
22.9421
13.575
22.5062
11.949
27.3936
17.9451
21.0944
32.3444
30.4428
22.553
31.637
30.2822
19.6138
22.9098
15.984
19.5018
12.8056
28.251
29.0806
28.3595
17.9652
31.6452
12.3146
12.6891
23.3359
26.8869
30.3744
26.5166
22.5581
15.2667
28.1742
26.7333
11.9931
29.2781
20.3342
29.308
10.5288
23.3886
25.0641
31.6673
13.3121
19.3468
22.9975
28.1206
29.4544
27.3717
30.4257
18.7779
23.4536
19.5834
29.4686
31.9499
19.101
23.3919
12.6976
10.1892
16.4492
24.7983
30.8747
10.6606
26.9417
24.5194
30.2446
12.5467
26.6231
19.1891
16.839
9.65854
15.9891
26.7303
21.2715
24.656
23.2209
24.3948
9.96549
31.1535
18.6579
16.7217
26.261
21.1778
23.9318
24.6381
29.1864
23.1234
21.6729
11.9167
22.85
17.04
10.0295
24.0534
19.6457
29.3826
31.0686
30.9366
26.4668
24.9604
30.2989
28.7914
24.969
29.8233
25.6949
10.3345
12.1747
31.8919
17.1471
10.4521
21.7912
14.4129
12.0626
9.93594
14.6848
11.9493
22.0199
23.1042
22.0842
13.2129
17.4034
14.5052
14.0214
21.6675
9.71019
31.6885
25.4788
26.5782
29.9149
30.9796
27.3018
25.225
19.8576
23.7267
12.4891
21.9999
24.5516
13.6907
29.7806
12.8688
11.7318
13.3963
10.4955
21.3908
26.2582
17.5103
20.7645
28.9574
25.2286
27.2669
27.1038
30.2084
16.5866
23.7953
25.0007
24.6451
20.8456
27.0818
18.2801
26.9726
13.8358
22.7083
21.095
22.5142
16.4845
17.4065
26.0611
30.1268
24.4781
19.1805
22.3747
28.8618
19.2221
18.506
30.31
20.7697
24.7197
27.825
20.1906
18.1336
14.8012
15.8202
20.7965
29.8173
19.5476
24.5323
30.6242
18.6821
24.955
18.9472
29.1267
20.8573
23.447
16.4455
31.7824
27.8734
27.1173
27.7353
24.3897
13.1335
29.9944
23.2301
23.9888
28.8149
20.3984
24.9034
22.06
22.9273
23.7172
30.2306
12.7174
21.0268
18.3329
20.176
20.4756
21.4151
17.9679
22.5771
16.3456
19.1991
28.1264
26.3089
30.6499
25.0661
28.3339
26.9829
22.3888
29.3946
22.7751
26.921
13.5364
15.7057
29.8057
28.0225
12.8889
26.0586
15.8105
26.9571
19.0193
21.0647
17.6307
26.6353
23.3321
30.9465
20.1684
25.2592
16.0377
14.3347
18.9067
25.7039
15.7656
10.7406
23.0919
23.058
20.9274
19.775
21.1536
27.4026
11.5175
29.0808
28.9913
21.956
30.2514
29.1245
26.4364
21.34
21.698
25.7948
23.3297
12.4364
18.5103
13.8142
12.2624
26.167
28.0919
26.1778
17.5075
14.5782
20.426
28.3681
11.7383
23.6775
27.8991
19.6304
20.2071
20.7858
25.8389
16.2633
11.7485
21.7776
13.4211
28.5027
26.2763
29.6879
26.6745
20.9418
23.3048
27.1872
24.0181
16.4072
21.8651
30.2817
30.9958
24.3418
21.9869
26.1217
11.1599
22.698
13.056
19.0915
25.6185
23.3074
23.1559
31.4152
31.1196
23.9728
15.304
30.2336
31.2845
15.1314
10.4601
11.7086
14.2363
31.1438
13.7169
26.2013
10.5083
31.4665
22.9803
21.2227
13.9688
27.2409
29.228
21.3506
31.785
15.1395
26.8665
28.488
22.1148
20.0181
28.9168
13.8466
25.7428
11.2917
30.0054
23.064
30.4361
26.6081
18.8395
28.7221
32.02
24.2335
15.9025
18.1697
30.5624
25.3482
14.7198
16.2933
26.4115
26.4638
28.8796
24.4631
20.678
30.6097
25.361
11.6095
28.1907
25.4489
22.6083
15.2721
19.4765
24.3688
31.1685
27.9715
30.2229
16.2221
17.1394
30.1357
25.6035
29.7705
25.2126
26.6065
26.0198
20.4195
18.2772
11.0354
20.8355
23.079
17.8872
28.1206
31.3407
30.2132
29.475
28.7253
22.1732
14.9017
12.2858
17.079
17.6502
17.9155
25.2887
11.7314
22.5865
21.3909
14.8292
13.751
14.8114
31.2282
20.0383
16.1557
31.5068
30.7674
17.9092
29.8883
31.4534
13.0843
32.1392
29.259
29.3761
21.8279
16.8793
32.4484
28.2955
18.5478
12.0804
19.808
32.9378
29.8273
30.3163
30.1102
14.7069
28.0291
13.7142
17.1528
13.0884
18.4202
14.7228
21.0144
17.8653
18.1725
16.4081
32.485
25.7469
23.1237
32.9704
21.0608
17.308
19.5626
14.3623
16.784
33.6817
16.4084
17.0494
17.8758
28.333
15.9493
17.6166
21.2229
19.0014
21.1217
15.7434
22.5072
31.0636
23.7271
22.2319
24.4018
32.6232
19.9905
15.718
31.1504
27.0574
32.5756
19.3925
30.5123
19.8003
32.3807
18.4966
17.4775
21.8316
21.0445
28.0029
25.1771
17.5606
18.5432
19.7401
25.8163
28.7659
21.7534
27.7411
17.3609
26.7659
16.636
31.6102
14.5109
17.2194
17.7519
20.9736
14.1048
22.5407
27.8336
21.6066
33.5967
24.0791
20.4301
17.9463
29.2416
26.3222
25.1968
21.2537
20.1161
22.1999
20.6976
21.8449
20.0075
20.164
31.6403
19.4056
31.3524
33.7448
21.2522
20.8629
20.5733
19.8404
21.6639
32.0769
18.9824
22.8716
21.5235
20.9062
22.0596
21.6842
32.205
25.344
21.5996
19.0001
21.4064
20.6601
21.0144
19.6055
23.1668
21.1848
25.9724
21.1747
20.9673
22.3702
31.7723
33.0862
23.9684
19.1361
22.0355
20.6305
27.3419
34.6216
19.1718
18.3578
33.7591
25.9875
28.004
21.5784
19.9425
28.8828
32.5483
21.6725
28.3281
25.4327
24.8799
25.5862
22.6231
24.7152
22.2943
25.2711
36.0853
24.0369
24.614
25.2624
26.5797
25.7797
30.6137
26.1379
22.4602
27.4767
23.348
25.651
24.6138
28.702
33.2421
33.0808
35.7289
26.3064
23.7608
35.1926
24.7298
24.6183
25.1894
35.0252
22.4624
32.7234
22.6351
33.7523
33.0512
23.9121
22.5674
26.29
31.9673
28.5008
24.1594
26.2652
22.118
23.4114
30.766
29.0742
30.4048
26.1314
23.976
26.9794
26.3854
32.0236
26.8026
