24.9657
26.3353
28.6378
24.8897
30.8065
35.6851
31.6545
28.243
32.0523
32.1894
28.7685
25.2534
25.3756
26.9756
28.3946
32.6596
30.3913
26.6046
26.4747
30.4007
33.0795
27.685
34.1483
26.4273
27.6622
24.5557
29.0059
25.8148
36.2595
28.2956
25.2198
36.2478
26.2705
27.311
37.3771
25.2588
25.988
24.6432
24.5707
33.9349
26.2342
35.9071
34.4567
34.7127
27.6857
26.9996
25.4383
27.6351
36.9363
38.2294
27.7921
24.3113
26.9773
35.2474
26.6427
28.9849
27.1958
27.7428
27.5785
27.484
26.2628
24.5609
36.3784
32.0435
28.2141
21.208
22.1232
21.2149
25.4253
35.0646
23.1488
20.2476
31.9245
20.3226
34.0593
23.0331
30.4613
20.4254
35.0855
20.5485
22.2001
24.5951
26.3547
20.7385
33.2004
20.8565
31.0727
22.0606
24.67
23.179
26.5806
21.4166
26.7339
35.6757
29.7498
28.1033
31.7887
36.6445
20.513
22.1308
26.3995
22.506
24.3963
21.6629
28.3978
24.1036
26.7962
22.8054
24.2651
21.4566
23.3889
25.7672
26.7128
20.8535
32.8944
24.2818
35.3121
21.9413
27.8376
22.0365
36.7234
25.9927
26.1751
22.8511
21.1298
29.9684
30.1644
25.1702
22.2544
24.5781
30.9396
19.0535
18.0224
19.3329
25.1365
21.7298
30.6467
33.3765
25.2376
20.9465
28.1507
29.7323
18.6945
27.7786
24.1053
17.9333
23.3157
23.5354
18.0669
30.2876
19.6601
20.75
22.074
24.7188
28.4496
16.9797
33.5672
23.8356
21.0063
35.7745
30.5972
33.6861
24.5247
32.7797
35.0522
25.6398
19.9188
23.2588
18.6615
35.7008
31.0724
28.9305
22.1331
17.1974
26.9604
27.4495
18.2991
30.6134
19.5166
17.9837
35.0991
27.1418
34.6126
28.6602
30.3987
24.02
21.1116
28.8485
24.9343
19.1806
23.6853
29.5588
12.6953
15.0752
18.5412
29.7948
22.322
31.4772
19.0008
17.9095
23.095
14.087
15.3702
17.1067
16.4616
32.841
14.8063
14.2559
15.7904
22.6604
22.4883
31.1845
12.985
28.3557
17.1452
22.7848
19.4541
18.9285
14.5444
20.292
15.7734
32.1319
28.2142
16.1596
19.8083
21.5932
16.5773
15.4374
15.9604
32.629
20.1776
15.9429
14.0518
26.6396
27.608
21.1385
25.8229
13.1824
13.2436
31.5975
16.8014
29.1099
14.3201
32.6028
16.1529
16.5716
25.5674
20.8693
30.1002
15.3241
28.9737
34.4693
24.889
34.8828
33.6046
18.2628
19.8972
16.867
26.746
18.0543
27.2768
30.4881
25.9561
13.7037
28.9172
21.9514
26.6324
28.3909
22.3961
12.4645
28.9194
24.6904
14.7116
23.1254
22.2964
12.3918
31.4914
10.9429
29.3774
29.0464
29.6635
27.457
15.0465
25.9626
27.8863
13.4874
22.8509
24.7279
25.3949
12.9486
11.5296
22.3444
29.4566
31.7713
10.2275
15.6729
29.7439
11.9398
13.9686
29.5527
10.6303
22.461
23.6334
10.7226
14.7033
31.1733
10.224
20.0723
12.201
28.0888
29.7902
29.4657
16.8646
13.9758
31.8721
26.6801
13.5599
10.0668
27.0648
25.7151
25.4589
22.9942
28.2998
25.1576
32.1089
27.9163
15.1622
22.8126
21.8709
10.2605
22.2851
16.0638
28.9663
25.4045
11.4559
23.8704
26.6112
29.2262
14.527
25.6213
15.5751
29.3097
19.2989
16.966
21.5538
14.4011
23.895
19.4773
11.8512
25.0378
23.2467
17.5923
14.3145
27.496
28.4335
29.1761
26.4491
22.0019
19.6381
24.5445
20.6089
23.8327
30.5483
20.6102
25.541
28.5842
23.7948
23.3103
20.7543
17.3897
21.4115
24.1096
18.9075
15.1329
10.4921
29.1422
23.704
13.1219
29.0611
28.1593
11.9698
18.8946
26.3618
15.0997
28.3971
24.1563
20.5375
23.4641
23.3574
21.4367
21.9335
24.5939
25.2448
21.7185
30.3792
21.377
19.1478
13.2032
23.237
27.0277
20.1985
15.124
27.2529
20.7203
22.4775
20.176
22.7735
25.5258
14.4384
26.0143
18.7482
21.2897
26.9329
13.1507
14.4255
29.0123
19.0804
27.3143
32.0188
16.5134
22.7377
29.0095
20.0427
31.4259
28.753
21.8616
23.6464
17.8437
21.0904
25.8802
30.5521
24.3745
17.7737
27.9668
22.311
23.7405
14.3658
29.1169
21.4497
23.0758
16.5648
18.8671
28.4194
26.4919
27.0639
26.9369
12.8385
25.9507
19.0877
23.101
18.4779
29.7173
27.081
32.0336
32.2654
24.6435
32.4882
20.4134
18.6606
27.6917
17.3669
17.5419
23.2382
24.8518
22.5249
16.0929
29.7616
16.0394
16.5185
26.4096
26.9888
17.9986
24.5669
26.856
12.3373
28.2279
30.8903
15.0364
24.4567
17.4
20.2135
14.9957
16.5339
26.8685
17.6123
25.3419
32.5131
29.1905
11.1846
28.8139
15.6472
26.2944
29.9505
23.0105
28.6064
13.3477
29.1161
27.3876
32.3907
19.8326
21.9494
20.5861
19.3891
18.454
17.2596
28.7456
20.4357
21.7673
27.745
23.6383
18.7535
24.7402
17.1083
13.9577
21.1345
28.8407
30.7029
23.4328
21.0294
26.2123
24.5159
20.005
19.893
21.9708
24.1245
12.5853
14.8012
9.99621
27.4333
25.8831
32.0481
19.2766
25.124
26.7548
27.5551
28.4415
10.7897
14.872
23.5312
18.5482
23.2336
28.0181
31.8281
19.2481
21.1118
14.0003
11.5954
30.0982
22.1435
10.3514
26.5486
17.1551
24.5173
21.5235
24.1324
15.5612
19.5844
23.6816
22.5925
10.4108
27.633
20.4086
29.6737
9.79205
19.7026
26.7899
32.4349
26.5837
22.2377
26.2813
9.72552
26.4641
16.2138
25.5648
11.2759
32.2663
21.368
15.7265
31.8986
26.9469
23.9173
11.2467
22.7284
28.2205
26.3445
25.9667
18.0484
27.208
20.3022
32.4305
14.2973
25.3906
23.269
17.846
25.0799
15.4633
27.7501
19.9356
30.0805
24.489
31.9447
24.959
29.8937
28.7711
11.8726
19.043
16.5644
10.2516
30.2071
15.2758
13.3511
28.0846
14.0272
12.8304
32.5626
24.257
17.3437
12.4859
13.0405
18.9087
13.5961
10.6407
14.8552
16.4211
27.2097
30.6234
15.254
17.6745
26.7201
32.3583
11.1408
14.5573
29.5909
28.0207
33.9024
15.1939
25.1595
15.0777
29.1994
11.3097
16.4892
24.4934
13.4404
12.3724
16.2348
22.3118
19.8981
19.4082
12.7458
22.4844
17.0393
29.8718
18.4879
30.1305
18.6184
31.5777
27.3665
15.5983
29.2621
23.2351
29.3237
19.7332
15.3127
24.5647
21.0142
19.0729
15.7776
18.1421
28.8908
25.6885
17.804
15.6043
20.1262
16.7295
15.171
28.2011
31.4932
24.2657
25.3453
17.8858
23.3503
16.7025
30.7925
30.5725
32.4364
25.9016
22.1766
18.7826
20.1586
13.4987
33.6204
18.0088
20.3227
15.3686
19.479
20.7189
18.3168
32.4292
14.8792
33.4102
29.2468
17.1251
13.5674
26.7284
17.7624
25.884
31.8249
19.262
14.9952
18.3939
21.5193
26.9786
20.4905
25.2549
31.6327
28.8644
15.7605
32.6896
21.5129
32.9421
30.0896
22.7735
21.3913
25.9482
19.6271
20.079
20.1078
25.8306
17.3289
29.6633
24.4839
20.4078
35.1184
27.8938
28.3101
32.0476
19.6557
29.631
29.009
31.3127
25.8472
31.2935
26.9699
18.0436
22.3523
19.8412
22.178
19.0006
20.6644
19.9278
30.2059
20.3955
24.0741
24.7445
35.061
31.9628
28.598
20.61
20.1975
22.2938
22.9559
19.5926
29.2581
23.7841
24.4821
27.0846
23.4436
28.1539
30.9739
27.148
27.4585
32.4797
22.1545
23.079
24.3903
23.8919
27.9014
28.8964
31.4361
27.3654
22.3128
22.7688
23.7632
26.3063
31.0849
25.0741
23.1485
23.3771
29.9194
26.0426
24.6499
23.2134
34.0174
28.021
24.1038
24.1771
33.6664
32.298
23.5197
21.3401
22.2614
21.3313
28.843
29.8599
25.3277
23.49
23.4105
30.6309
24.0616
22.8915
27.9604
32.2142
23.3901
23.0297
31.6336
32.094
29.1887
29.9548
27.1054
27.7378
26.1142
29.1282
35.0572
34.417
29.7841
27.865
28.3485
27.375
34.0673
27.3367
25.9936
27.7879
26.3544
24.9329
28.5975
27.7298
28.2376
34.95
30.3622
30.9366
25.2542
32.8745
35.7989
26.2767
29.9728
34.3681
25.9841
31.8282
30.2671
34.0546
33.3937
31.8015
27.9863
36.7461
31.1258
27.0219
27.7907
26.3159
36.9409
31.7566
26.4648
33.5308
35.8277
27.4689
31.7274
26.7567
25.6941
27.3108
28.2677
28.4779
25.3361
31.3319
26.8521
25.5595
30.9917
31.9403
26.4531
27.5763
27.0962
25.4704
33.3756
27.7166
26.0003
33.1503
30.5132
28.4841
28.7615
30.6877
36.5359
29.602
29.3927
30.3102
28.8482
31.6245
28.1392
30.5248
30.4705
27.3303
29.7167
34.4066
27.7599
29.6954
33.0071
29.142
36.4028
31.4299
26.4523
27.8983
30.5394
27.7116
28.3515
28.9119
26.7591
28.8791
27.4129
29.5155
32.7917
33.0711
29.6277
36.2995
28.0146
26.5877
30.5385
31.0308
36.0574
27.9028
29.4642
28.9205
28.2039
27.7662
28.3115
32.4166
29.0628
34.7474
28.6286
26.558
30.1957
31.8662
29.0927
29.3327
29.424
27.9575
28.4695
29.526
31.2611
31.1446
29.0085
27.9497
31.3362
26.3352
34.8555
37.4025
26.5147
28.6188
32.5465
34.2706
29.2159
26.2852
31.8719
23.0565
32.781
24.7544
26.2402
33.6825
36.3012
25.1667
34.5766
23.3719
26.3235
25.2853
25.8291
25.2672
29.5848
27.1051
25.6741
24.4054
23.8072
25.4641
26.9291
27.9698
31.8222
25.2447
22.9797
33.1486
26.7361
25.9824
25.2502
25.8025
25.967
34.3846
23.2603
28.7665
25.2023
32.2684
23.3527
26.713
33.3122
26.6839
27.4971
23.7246
26.0255
26.4587
35.4261
27.8805
25.7393
27.5956
28.9011
25.525
26.4172
24.967
24.2377
26.9651
28.1142
22.9189
23.2389
32.0729
21.133
25.4428
23.1372
34.8869
27.9244
20.4011
31.8139
28.491
20.0619
22.247
22.8763
21.6267
22.4094
22.9413
20.7559
23.7659
22.0596
23.0028
22.6935
23.8706
20.515
32.3451
20.6381
28.0793
33.7152
32.2581
24.2175
28.6336
27.7679
21.2421
29.8825
23.304
22.2779
20.4595
27.4481
19.1954
24.1282
21.9148
31.6691
20.636
32.9877
22.8436
20.5052
24.436
20.2889
20.517
22.0606
24.0714
21.4445
22.4061
25.6729
24.279
23.2726
20.4713
20.9901
24.1079
29.5524
22.9305
16.816
15.4841
16.066
25.5429
28.8214
19.5437
15.9771
25.5147
16.1085
18.9723
25.1042
20.7978
25.4387
19.4923
22.4119
18.4811
29.7897
15.5207
16.4739
15.4954
18.7426
16.085
15.541
20.4215
27.991
17.2083
27.311
23.0362
25.9843
16.8654
18.2328
18.6909
19.905
32.3275
27.6867
15.7112
16.8216
16.4606
17.6993
18.5127
29.4943
23.6142
23.5207
28.7684
18.0969
20.2182
16.3146
28.8655
23.1029
19.3772
33.3931
28.4962
24.239
16.0247
16.2462
19.8814
27.8085
17.1536
19.3754
22.5792
21.8192
33.4413
15.4337
14.865
21.5754
15.9166
18.8127
32.1058
18.8235
15.9181
25.4934
25.4975
30.183
28.3043
29.2975
29.2722
14.7928
30.5204
32.2701
28.6329
27.3563
16.3132
13.7538
12.3662
12.596
31.3629
21.3423
21.6589
16.2593
14.2917
29.085
13.7745
22.6358
18.9083
32.6135
18.5326
13.8832
30.0536
15.5712
13.0861
13.9696
18.926
24.1619
15.981
28.4217
21.3032
18.8753
28.2769
30.4949
19.35
27.2429
32.2491
28.018
29.8838
11.7701
27.6794
15.4414
24.9247
30.1013
14.6511
27.5992
13.6736
32.0856
27.7334
15.0291
24.0911
23.5922
25.1344
31.1293
22.9421
28.4761
13.0729
13.575
11.949
27.3936
17.9451
21.0944
23.7074
25.69
30.4428
22.553
31.637
30.2822
19.6138
22.9098
15.984
19.5018
10.8793
29.0806
17.9652
15.4002
18.3073
12.6891
19.5683
32.0416
26.8869
30.3744
26.5166
22.5581
15.2667
28.1742
20.8684
29.2781
24.16
29.308
10.5288
29.3037
23.3886
26.8199
23.991
22.318
19.3468
29.4544
27.3717
30.4257
18.7779
19.5834
31.8847
29.4686
25.8961
19.101
10.1892
16.4492
30.8747
10.6606
24.5194
30.2446
12.5467
26.6231
19.1891
16.839
9.65854
26.6787
15.9891
16.2625
26.7303
21.2715
27.3947
22.9683
23.2209
24.3948
20.7723
16.5429
11.7745
9.96549
18.6579
16.7217
26.261
11.7544
23.9318
22.7448
24.6381
23.1234
16.3286
17.0509
21.1254
21.6729
30.941
11.9167
22.85
17.04
19.6457
26.4668
30.3337
21.4017
24.969
29.8233
10.3345
12.1747
17.1471
21.7912
14.4129
13.0376
9.93594
28.1239
14.6848
11.9493
22.0199
23.1042
20.6028
22.0842
13.2129
17.4034
15.054
13.602
25.9453
24.4391
19.2848
26.5782
24.0942
29.9149
30.9796
27.3018
25.225
23.7267
27.7322
21.9999
13.6907
29.7806
11.7318
13.3963
10.4955
21.3908
28.664
17.5103
25.541
28.9574
25.2286
26.39
27.1038
15.9858
30.2084
16.5866
25.0007
24.6451
20.8456
27.0818
18.2801
30.199
29.6254
26.9726
22.7083
21.095
22.5142
16.4845
21.491
17.4065
30.1268
19.383
24.4781
19.1805
22.3747
28.8618
19.2221
27.4535
18.506
30.31
20.7697
24.7197
27.825
20.1906
18.1336
14.8012
20.7965
24.9534
22.3564
24.5323
18.6821
24.955
18.9472
17.1888
24.2618
23.447
16.4455
27.8734
27.1173
27.7353
25.4397
24.3897
13.1335
29.9944
23.2301
20.3984
24.9034
22.06
23.7172
30.2306
20.4756
21.4151
16.3456
19.1991
26.3089
27.6791
30.6499
25.0661
28.3339
22.3888
27.3634
22.7751
24.8153
26.921
15.7057
28.0225
12.8889
15.8105
26.9571
13.0117
21.0647
17.6307
26.6353
23.3321
20.1684
25.2592
16.0377
14.3347
18.9067
25.7039
10.7406
23.058
20.9274
19.775
21.1536
24.999
27.4026
11.5175
29.0808
28.9913
21.956
30.2514
29.1245
26.4364
21.34
21.698
29.342
11.7703
25.7948
13.8142
12.2624
26.167
26.1778
17.5075
14.5782
20.426
28.3681
11.7383
27.8991
19.6304
20.2071
25.8389
22.2818
11.7485
13.4211
28.5027
21.4756
29.6879
23.3048
27.1872
16.4072
15.113
21.8651
30.2817
30.9958
24.3418
21.9869
22.698
13.056
19.0915
25.6185
23.3074
23.1559
31.1196
23.9728
15.304
30.2336
31.2845
15.1314
10.4601
11.7086
14.2363
31.1438
26.2013
10.5083
22.9803
13.9688
27.2409
29.228
21.3506
31.785
15.1395
26.8665
31.0386
10.8596
28.9168
13.8466
11.2917
31.0296
27.0981
30.4361
29.3302
18.8395
15.9025
18.1697
25.3482
14.7198
16.2933
26.4115
26.4638
28.8796
20.678
14.634
30.6097
11.6095
28.1907
25.4489
15.742
22.6083
15.2721
19.4765
24.3688
31.1685
27.9715
30.2229
17.1394
25.6035
29.7705
25.2126
18.2772
20.8355
23.079
17.8872
30.2132
28.7253
22.1732
14.9017
12.2858
17.6502
17.9155
25.2887
11.7314
22.5865
21.3909
14.8292
13.751
31.2282
16.1557
31.5068
21.3661
30.7674
17.9092
29.8883
13.0843
32.1392
29.3761
16.8793
28.2955
18.5478
12.0804
19.808
18.6346
29.8273
28.1963
30.3163
30.1102
14.7069
28.0291
13.7142
31.8858
17.1528
13.0884
31.5635
18.4202
14.7228
17.8653
15.7645
18.1725
16.4081
25.7469
23.1237
21.0608
17.308
19.5626
18.2252
16.784
16.4084
24.2308
17.0494
17.8758
28.333
15.9493
17.6166
21.2229
19.0014
21.1217
15.7434
31.0636
23.7271
24.4018
25.1626
18.4809
19.9905
15.718
27.0574
32.5756
19.3925
19.8003
32.3807
18.4966
17.4775
21.8316
21.0445
28.0029
25.1771
18.5432
19.7401
31.7573
25.8163
28.7659
27.7411
17.3609
26.7659
32.1811
16.636
22.2437
14.5109
17.2194
17.7519
20.9736
22.5407
23.1935
27.8336
21.6066
33.5967
24.0791
17.9463
29.2416
18.3022
26.3222
25.1968
21.2537
20.1161
22.1999
20.6976
22.1282
21.8449
20.0075
20.164
31.6403
19.4056
31.3524
33.7448
21.2522
20.5733
19.8404
21.6639
32.0769
18.9824
22.8716
20.9062
22.0596
21.6842
27.3449
32.205
25.344
21.5996
19.0001
21.4064
20.6601
21.0144
19.6055
23.1668
21.1848
21.1747
20.9673
22.3702
31.7723
33.0862
23.9684
19.1361
22.0355
20.6305
27.3419
28.3324
34.6216
19.1718
33.7591
32.255
28.004
21.5784
19.9425
28.8828
32.5483
21.6725
28.3281
25.4327
24.8799
25.5862
24.7152
22.2943
25.2711
36.0853
24.0369
24.614
25.2624
26.5797
25.7797
30.6137
26.1379
27.4767
23.348
25.651
24.6138
28.702
33.2421
33.0808
35.7289
26.3064
23.7608
27.0495
35.1926
24.7298
24.6183
25.1894
35.0252
32.7234
22.6351
33.7523
33.0512
23.9121
22.5674
26.29
31.9673
28.5008
24.1594
26.2652
37.6846
23.4114
30.766
30.4048
26.1314
23.976
26.9794
26.3854
31.3828
26.8026
