# Mon May 26 10:57:30 2025
# Output created from within /home/haue/repositories/Masters/build with the following command
# ./calibration/ucal/printEnergyCorrections -s ../setup/setup.json -t ../setup/target.json -d U1,U2,U3,U6 -E 385.72,904.02,1843.18,2076.74,2217.45 -i 17 
# Setup:          ../setup/setup.json
# Target:         ../setup/target.json
# Source point:   (0, 0, -0.300054)
# Energies (keV): 385.72 904.02 1843.18 2076.74 2217.45 
# Detector=U1	FRONT STRIPS 2..15
375.805	897.777	1839.29	2073.13	2213.98	# 2
375.994	897.898	1839.37	2073.2	2214.05	# 3
376.145	897.996	1839.43	2073.25	2214.1	# 4
376.254	898.068	1839.48	2073.3	2214.14	# 5
376.316	898.11	1839.51	2073.32	2214.17	# 6
376.326	898.121	1839.51	2073.33	2214.18	# 7
376.279	898.096	1839.5	2073.32	2214.16	# 8
376.167	898.032	1839.46	2073.28	2214.13	# 9
375.984	897.925	1839.4	2073.22	2214.07	# 10
375.721	897.768	1839.3	2073.14	2213.99	# 11
375.367	897.557	1839.18	2073.02	2213.88	# 12
374.907	897.282	1839.01	2072.86	2213.73	# 13
374.319	896.931	1838.8	2072.67	2213.54	# 14
373.57	896.485	1838.53	2072.42	2213.3	# 15
# Detector=U1	BACK STRIPS 2..15
374.332	896.912	1838.78	2072.65	2213.52	# 2
374.653	897.11	1838.9	2072.76	2213.63	# 3
374.935	897.285	1839.01	2072.86	2213.72	# 4
375.177	897.435	1839.1	2072.95	2213.81	# 5
375.375	897.557	1839.18	2073.02	2213.87	# 6
375.526	897.651	1839.23	2073.07	2213.93	# 7
375.629	897.715	1839.27	2073.11	2213.96	# 8
375.683	897.748	1839.29	2073.13	2213.98	# 9
375.685	897.75	1839.29	2073.13	2213.98	# 10
375.637	897.72	1839.28	2073.11	2213.96	# 11
375.538	897.659	1839.24	2073.08	2213.93	# 12
375.391	897.568	1839.18	2073.02	2213.88	# 13
375.198	897.448	1839.11	2072.95	2213.81	# 14
374.96	897.301	1839.02	2072.87	2213.73	# 15

# Detector=U2	FRONT STRIPS 2..15
332.5	873.056	1824.55	2059.49	2200.91	# 2
340.114	877.35	1827.1	2061.85	2203.17	# 3
345.776	880.557	1829.01	2063.62	2204.86	# 4
350.108	883.017	1830.48	2064.97	2206.16	# 5
353.483	884.938	1831.63	2066.04	2207.18	# 6
356.142	886.456	1832.54	2066.88	2207.99	# 7
358.247	887.66	1833.26	2067.54	2208.62	# 8
359.914	888.614	1833.83	2068.07	2209.13	# 9
361.226	889.366	1834.28	2068.48	2209.53	# 10
362.249	889.95	1834.63	2068.81	2209.84	# 11
363.03	890.395	1834.89	2069.05	2210.07	# 12
363.609	890.723	1835.08	2069.23	2210.24	# 13
364.018	890.952	1835.22	2069.35	2210.36	# 14
364.285	891.097	1835.3	2069.43	2210.44	# 15
# Detector=U2	BACK STRIPS 2..15
355.151	885.87	1832.18	2066.54	2207.67	# 2
356.015	886.373	1832.48	2066.82	2207.93	# 3
356.776	886.815	1832.75	2067.07	2208.17	# 4
357.426	887.194	1832.98	2067.28	2208.38	# 5
357.958	887.504	1833.16	2067.45	2208.54	# 6
358.365	887.742	1833.31	2067.59	2208.67	# 7
358.642	887.903	1833.41	2067.68	2208.76	# 8
358.785	887.987	1833.46	2067.72	2208.8	# 9
358.792	887.991	1833.46	2067.73	2208.8	# 10
358.662	887.915	1833.41	2067.68	2208.76	# 11
358.398	887.761	1833.32	2067.6	2208.68	# 12
358.003	887.53	1833.18	2067.47	2208.56	# 13
357.483	887.227	1833	2067.3	2208.39	# 14
356.844	886.855	1832.77	2067.09	2208.19	# 15

# Detector=U3	FRONT STRIPS 2..15
364.472	891.185	1835.35	2069.47	2210.48	# 2
364.43	891.171	1835.34	2069.47	2210.47	# 3
364.285	891.097	1835.3	2069.43	2210.44	# 4
364.018	890.952	1835.22	2069.35	2210.36	# 5
363.609	890.723	1835.08	2069.23	2210.24	# 6
363.03	890.395	1834.89	2069.05	2210.07	# 7
362.248	889.95	1834.63	2068.81	2209.84	# 8
361.226	889.366	1834.28	2068.48	2209.53	# 9
359.913	888.614	1833.83	2068.07	2209.13	# 10
358.245	887.659	1833.26	2067.54	2208.62	# 11
356.139	886.454	1832.54	2066.87	2207.99	# 12
353.479	884.936	1831.63	2066.03	2207.18	# 13
350.102	883.013	1830.48	2064.97	2206.16	# 14
345.766	880.551	1829.01	2063.61	2204.86	# 15
# Detector=U3	BACK STRIPS 2..15
353.889	885.153	1831.75	2066.15	2207.29	# 2
354.792	885.677	1832.07	2066.44	2207.57	# 3
355.588	886.14	1832.34	2066.7	2207.82	# 4
356.268	886.535	1832.58	2066.92	2208.03	# 5
356.825	886.859	1832.78	2067.1	2208.2	# 6
357.251	887.107	1832.93	2067.24	2208.33	# 7
357.54	887.275	1833.03	2067.33	2208.42	# 8
357.69	887.362	1833.08	2067.38	2208.47	# 9
357.697	887.366	1833.09	2067.38	2208.47	# 10
357.561	887.287	1833.04	2067.34	2208.43	# 11
357.285	887.126	1832.94	2067.25	2208.34	# 12
356.872	886.886	1832.8	2067.11	2208.22	# 13
356.328	886.569	1832.6	2066.94	2208.05	# 14
355.659	886.181	1832.37	2066.72	2207.84	# 15

# Detector=U6	FRONT STRIPS 2..15
366.54	892.475	1836.13	2070.2	2211.17	# 2
345.799	870.498	1824.2	2059.41	2200.86	# 3
332.318	864.316	1820.49	2055.98	2197.58	# 4
324.485	860.557	1818.19	2053.85	2195.54	# 5
318.554	857.706	1816.44	2052.23	2193.98	# 6
313.625	855.322	1814.98	2050.87	2192.68	# 7
309.461	853.256	1813.73	2049.71	2191.56	# 8
306.038	851.466	1812.65	2048.7	2190.6	# 9
303.381	849.948	1811.74	2047.87	2189.8	# 10
301.496	848.702	1811.01	2047.2	2189.16	# 11
300.336	847.719	1810.45	2046.68	2188.66	# 12
299.838	846.99	1810.06	2046.33	2188.32	# 13
300.078	846.593	1809.88	2046.17	2188.17	# 14
302.947	847.605	1810.55	2046.8	2188.78	# 15
# Detector=U6	BACK STRIPS 2..15
366.321	892.345	1836.05	2070.13	2211.1	# 2
346.519	870.43	1824.23	2059.44	2200.89	# 3
333.164	864.404	1820.6	2056.09	2197.68	# 4
325.508	860.781	1818.37	2054.02	2195.7	# 5
319.706	858.038	1816.68	2052.45	2194.19	# 6
314.807	855.723	1815.25	2051.12	2192.92	# 7
310.547	853.678	1814	2049.96	2191.8	# 8
306.908	851.862	1812.89	2048.93	2190.82	# 9
303.949	850.281	1811.94	2048.05	2189.98	# 10
301.729	848.954	1811.15	2047.32	2189.28	# 11
300.263	847.893	1810.54	2046.76	2188.74	# 12
299.537	847.111	1810.1	2046.36	2188.36	# 13
299.656	846.7	1809.91	2046.19	2188.19	# 14
302.54	847.753	1810.59	2046.83	2188.81	# 15

