2.392926363451579164e+00
-4.454309349455797928e+00
-3.918536877653878037e+00
-3.058252091541362461e+00
5.885875268172185315e+00
3.197103262010841718e+00
-1.384238185241883912e+00
6.943844848701701267e-01
-1.484159411974133036e+00
1.832048273026884999e+00
-2.620366275742526341e+00
5.722818002984240593e+00
2.359233600249353913e+00
-1.439702089646743843e+00
8.924837329923320794e-01
-3.231298257165690302e+00
2.220124348044009821e+00
-2.098279230198841105e+00
8.114686596078627190e+00
7.483081572781884461e-01
-5.934959957094179117e-01
-2.075239935834360949e-01
-7.655937206707221776e-01
-1.502893201053666417e+00
9.131505263576400466e-02
4.143055495874250482e+00
9.106265488353528781e-01
-8.929553220559682813e-01
-1.171599985464922611e+00
1.306358433234436234e+00
4.255217736100348702e+00
-1.455604350994235574e+00
8.989403848849633505e+00
1.679415479663020960e+00
-1.886921068970877968e+00
-3.649982924333471601e+00
2.985104727342786646e+00
2.380906182957005512e+00
2.759538736602280551e+00
7.476650014580627612e+00
3.844976338036758534e-01
-2.036819010092585813e+00
-1.381645728576472720e+00
-2.519832171455846037e+00
3.071954813614411250e+00
7.280279026458629232e-01
5.337822626383967872e+00
1.378981881875006366e+00
-1.721018922235998616e+00
4.592802414408652112e-01
-1.952110515562708315e+00
7.370148281142974156e-01
-2.057580444407903997e+00
5.617172483955528151e+00
2.837102066506759002e+00
-1.837532047716194938e+00
-2.214976793976688896e+00
-4.609071487134315248e-01
1.973874963960497553e+00
1.539079959188711655e+00
7.071636858938745718e+00
1.132033087720628828e+00
-1.970566518420127977e+00
1.203992634535666184e+00
-4.291476026414784428e+00
-5.161774163107111235e-01
-1.579893440851265041e+00
5.943617592392456572e+00
1.421646952439914457e+00
-7.987893651070407941e-01
2.837361749826982305e+00
-3.141254281741794330e+00
-2.684483245236606308e+00
-4.079888130701419868e+00
6.930151292623122572e+00
2.204931593520541355e+00
-6.194281665048038121e-01
1.475510967904483550e+00
-2.974275900358861691e+00
2.231610841122801503e+00
-3.112704126318476483e+00
4.825112002029982250e+00
1.853542837913664698e+00
-8.059289399725457770e-01
1.050633038266369113e+00
-5.466095446465260466e+00
1.468572624583430297e+00
-1.113728452673512948e+00
3.012110289473639568e+00
1.099598259449066973e+00
-5.210738790365212481e-01
-1.238108241810891741e+00
-1.481344470485055353e-01
5.070243366776594485e+00
-2.683847243811214867e-01
6.520317110918313119e+00
1.316829843985942716e-01
-9.033290386469161604e-01
-2.027274231690512352e+00
3.024029056780591418e+00
-8.465001025388119160e-01
1.150467187428603211e+00
4.979307454922491161e+00
1.384988062056891067e+00
-1.852572103110105672e+00
-1.531190550094947866e+00
3.745234693133170367e+00
1.744502400448254775e+00
-1.923925735841294227e-01
6.818302881272302329e+00
3.464493897749889584e-01
-1.090789297168157646e+00
4.624882837500877031e+00
-6.198100845362205291e+00
-2.973137485820643633e+00
-6.099582570951497473e+00
8.914711615153919411e+00
2.683445359970392019e+00
-3.482438677247046144e-01
4.957373779485465093e+00
-7.373042414783412823e+00
-3.856684123935337993e+00
-5.400580560460184643e+00
2.249348912092045794e+00
2.893792751175624289e+00
-4.554410335913416930e-03
1.172130432994777038e+00
-3.640325749665180410e+00
5.238195527495008719e-01
-2.456822515220665082e+00
8.798331483729725733e+00
1.829975731148806517e+00
-1.179788386099971831e+00
7.442472868243953599e+00
-6.940138845923229383e+00
-3.928444949815002474e+00
-8.574741682472449611e+00
3.063828004312199482e+00
1.566500739196271752e+00
1.790644397426149226e+00
8.941403326668933005e-01
-3.312395583738634741e+00
-4.937579355269463122e+00
-8.684995468843226263e-01
1.076188981410223278e+01
1.668302138349190500e+00
-1.360548517925963097e+00
3.135229535216808472e+00
-6.550089991295180880e+00
-5.179727676986658480e-01
-4.266225937290073489e+00
7.190468223051993846e+00
2.505145600247033144e+00
-7.624183703355811303e-01
3.297745792592309044e+00
-8.479303334468113462e+00
-2.395936790499945346e+00
-2.584279274627988343e+00
6.044527746951189329e+00
6.620032309347152477e-01
3.721728729597089114e-01
-5.759801183389754442e-01
-2.600083271330049683e+00
4.018776297030854039e+00
-1.578369268728238239e+00
6.734672281214443501e+00
3.296775078677001147e+00
-2.579151243679007166e+00
1.438542168801745902e+00
-2.240821195480748429e+00
1.330550164173928351e+00
-2.418223813689110102e+00
5.658869082666114991e+00
1.693896985675564792e-01
1.286560496846504975e-01
2.867847562636256953e+00
-3.798315778608184701e+00
-4.728846519169564999e-01
-3.193722899809927185e+00
6.861845279774115625e+00
-9.681207589655969059e-01
1.259307153376539645e+00
2.337923747806257779e+00
-3.789677904119798768e+00
-1.426000720290630852e+00
-2.396505522978713998e+00
2.758065493885169417e+00
5.607250496514097904e-01
3.586415483932796633e-01
