3.526738931992895232e+00
-5.291924044074903577e+00
-4.810472254188425723e+00
-3.980742100873612799e+00
5.159962754213665903e+00
2.860344764863839373e+00
-7.097873274387893616e-01
2.262196896962564097e+00
-2.721726370281203344e+00
3.987749152511241846e-01
-3.847064921744276944e+00
5.026672135167245870e+00
1.880480195302425273e+00
-5.225040047016591416e-01
2.918414121846126363e+00
-4.486208249080846144e+00
5.581114669671478623e-01
-3.775523349763716396e+00
6.689898560780875414e+00
1.294473020557234122e-01
6.348303421937089297e-01
2.066242277598689725e+00
-2.788973650940306470e+00
-3.353090388918644749e+00
-1.712173049851571704e+00
2.700833520348169259e+00
3.949256391970266122e-01
3.525810509836446727e-01
1.333968550864938152e+00
-5.866052615795069869e-01
2.312721698987843411e+00
-3.424164329763243586e+00
7.345434697675500502e+00
7.943839633026072988e-01
-3.158936799427465303e-01
-3.976620915514104126e-01
8.310840138246931019e-01
-4.011350758719345322e-02
-3.553232923786708852e-02
5.594389500899069390e+00
-5.068601868765654217e-01
-1.565313278742905823e-01
1.845939521118452831e+00
-4.644662853625504795e+00
7.879992597727323300e-01
-2.033497507344236510e+00
3.346028611399106012e+00
4.001960645000508521e-01
2.139286301890024333e-01
4.283510344240198719e+00
-4.901089587595151897e+00
-2.405573927802834078e+00
-5.164641317286168487e+00
3.452212316472923703e+00
1.780756150676552352e+00
3.723813196238552337e-01
1.684577274669436520e+00
-3.285394832955489619e+00
-1.236094601521017466e+00
-1.615743109452523640e+00
4.571556499114194594e+00
-6.958461755857570097e-03
3.339955275841930415e-01
5.094034562173874292e+00
-7.266160579470579250e+00
-3.379535104445949401e+00
-4.837708439261405147e+00
3.592386908742810192e+00
3.861857878509908915e-01
1.441730964732414577e+00
6.686833054426415401e+00
-5.920409572031530843e+00
-5.717647953335927014e+00
-7.226992241019161156e+00
4.469603424392971647e+00
1.032745055744271667e+00
1.698829351662425324e+00
5.186573032068849898e+00
-5.813844284216429514e+00
-9.220718342348845908e-01
-6.070451304684411298e+00
2.438703307825107913e+00
8.057845381340484892e-01
1.370256662864449027e+00
5.045933692645689916e+00
-8.303549806905948572e+00
-1.573662665279243811e+00
-4.488123682379864476e+00
7.709188725252715813e-01
-2.231851789883876336e-02
1.809957802067401644e+00
2.249493780423222233e+00
-2.744309426583413369e+00
2.294872214077713579e+00
-3.098978307645666064e+00
4.446528514121837361e+00
-9.238210049106783117e-01
1.171235610527219251e+00
1.665884859675088592e+00
5.888814942943554342e-01
-3.615758078580256552e+00
-1.966511645041919110e+00
2.532772586052033148e+00
3.048170636470786121e-01
3.455875734116489184e-01
2.225604582938558451e+00
9.765513751747221249e-01
-1.451449827012766036e+00
-3.129697011599546386e+00
4.460325977388038154e+00
-9.185564500471627980e-01
1.224738467346469406e+00
8.702413417699858655e+00
-9.134744422106905404e+00
-6.338693586554654757e+00
-9.361433691844013083e+00
6.411547413095831871e+00
1.319914872741264844e+00
2.177320324138236174e+00
8.897302265010239353e+00
-9.999116776361461234e+00
-6.840686733001803077e+00
-8.736251679366432654e+00
-8.398200159399493714e-02
1.685543997297827445e+00
2.376851453575909545e+00
4.960163001558044016e+00
-6.592791436972447627e+00
-2.666715040567396500e+00
-5.438797012791383167e+00
6.247539154219339252e+00
7.204224722740946163e-01
1.069309238429923425e+00
1.029271960005723940e+01
-9.015425534630594484e+00
-5.988444504361723375e+00
-1.088663874747135196e+01
1.328112563187005435e+00
5.074645663808041718e-01
3.624026274567768269e+00
4.144685425951706748e+00
-5.705696455819634139e+00
-7.492563190327473421e+00
-3.457292936106114212e+00
8.401730056958058412e+00
6.266550625355193915e-01
6.356191228933312232e-01
5.824046403812985773e+00
-8.372933543955014102e+00
-3.499787886255035119e+00
-6.166145100712128624e+00
5.687616837165023753e+00
1.380688213625035132e+00
1.015801506589014025e+00
5.574463673190052759e+00
-1.050954096378313807e+01
-4.051540468775783665e+00
-4.303209032249924348e+00
4.128946238324260776e+00
-8.158848025504994439e-02
1.787211539386589720e+00
1.256786270210909606e+00
-3.866655193218093700e+00
1.974048496024352062e+00
-2.854317611192527693e+00
5.195667479897110752e+00
2.653812797111640975e+00
-1.417906403945380589e+00
2.807575149429908379e+00
-3.391532566870864684e+00
3.219868245373618265e-01
-3.521605580854156869e+00
4.631022928522270377e+00
-1.727316240258005564e-01
9.100865241789506399e-01
3.971940055915979428e+00
-4.594640989085291949e+00
-1.358299798827829363e+00
-4.086651441400135809e+00
6.156386483299229440e+00
-1.313899213417244027e+00
1.927706828596456035e+00
3.411843842773578217e+00
-4.602012170395937574e+00
-2.249892111502958869e+00
-3.261980756148204819e+00
2.058907675605041732e+00
2.235630206519090279e-01
1.008746553683522507e+00
