-3.173350164087196390e-01
2.892794971542457461e+00
-1.773802737709502253e+00
7.511581785597627459e-01
1.400614506183501362e+00
4.648870549705861777e+00
-4.726328618226034450e-01
-8.345653161350128357e-01
4.225913403079175623e-01
-2.160385590702617264e+00
-4.717833791176417435e+00
-2.372162954304258164e+00
-2.596391266466980596e+00
9.457772946839213546e-01
4.342741024947827100e-01
1.312125896642100997e+00
2.900145867494643426e-01
-5.453841432173476278e-01
-2.796852400562784169e+00
-5.069040757402945019e-01
-3.455702123523224145e+00
2.156254274012098904e+00
-2.456530464519346424e-01
1.548146583045308944e+00
-1.193235045294613883e-01
1.702345681208271344e+00
-2.117047575241031154e-01
-3.235057279889588244e-01
-6.576852708822116256e-01
2.590130086774479423e+00
4.518588105461276427e-01
-4.712767060445912648e-01
5.773581444899491544e-01
-1.335192624338105816e+00
-4.838266782651544418e+00
-4.586183480195813900e+00
-5.282900049971431145e+00
1.063726373665303981e+00
-9.364357751442184963e-01
3.412822520273948612e+00
-6.449010799815368955e-02
-1.354954353384300703e+00
-1.463629239121928549e-01
3.195827737720264849e+00
1.373665474099198036e+00
3.101049715617591573e+00
1.297057925612079998e+00
-1.869667967121131369e+00
-2.649226264463777625e-01
9.045732633715033444e-01
2.133746550472551462e+00
4.546386238370814681e+00
7.796955690673712525e-01
4.544041089062375249e+00
6.272834886890450434e-01
-1.808545307946587855e+00
1.508641601504336904e-01
-2.315707922593901458e-01
-2.498102428590755153e+00
7.755312233498443675e-01
-2.423334729614907701e+00
2.059813915554059349e+00
1.022893220550940896e+00
7.848036239556677174e-02
-1.259743283355874155e-02
3.629325392896589619e-01
-1.689705453072747332e+00
2.681712282309945294e+00
-7.593750386067767977e-01
2.889396014460999140e+00
-1.603239206729085709e-01
-1.742330881916132057e-02
5.348825517357909121e-01
-3.082319366438241559e+00
-3.718819971727725715e+00
4.299684231273204205e-02
-5.152301356583393499e+00
5.782259856075143034e+00
1.635476727992681845e+00
7.276234416904117097e-01
2.777856145574446600e-01
-1.152135571633152722e-01
-2.357660870716472346e+00
-1.640465692285488331e+00
-3.701184539171663346e+00
5.463805646759283263e-01
2.124925612456536328e-01
1.471567769649482216e+00
1.255235338415843671e+00
-6.099344616934558871e+00
-8.851903325318517091e+00
-5.716506189965002704e+00
-9.023731455649340205e+00
-1.805821699858370266e+00
1.034334830715124554e-01
5.196528736737491272e+00
5.941959877746967322e-01
-3.856532470751631081e+00
-3.325526688124000430e+00
-3.017553795494677615e+00
-3.688900954420205380e+00
2.697560945890018047e+00
7.076679644119394652e-01
1.478692152997609810e+00
1.279667993692328309e-01
-1.280620410421079214e+00
-5.625721857659300440e-01
2.624963871348427347e+00
-1.594345723884998733e+00
7.073180857205443317e+00
-1.867860162633405707e-01
7.406250576423190068e-03
3.940667645130702113e-01
-2.528361140602100932e+00
-5.749617758847534787e+00
-1.142059961351151287e+00
-1.326771459308929479e+00
2.176468356867644616e+00
-5.809332097378501203e-01
1.490960291637748014e+00
4.600190025705046537e-01
-3.082391207512046094e+00
-4.201554998038545818e+00
-2.385946139604129712e+00
-2.960621518963762355e+00
1.332605330340811634e+00
2.460489600896835327e+00
-2.577322812703641830e-02
7.347628015730833795e-02
-1.945356214104776882e+00
-1.954773497208179833e+00
9.464043287334789056e-02
1.818196967445601331e+00
6.630561504595334554e+00
-1.245122519573214959e+00
-3.319037535493407631e-02
1.383210268242578422e-01
6.714879796459172212e-02
-4.251116010898840614e+00
-4.988602141738738283e-01
-2.093153919222459081e+00
5.135412756902951514e+00
9.379902163277620275e-01
-6.536692431200208375e-02
1.492337755439052671e-01
4.342253240071158871e-01
-2.803206623001642583e+00
-1.643362736774179211e+00
-1.809610032983073324e+00
1.767058566577816237e+00
-8.673734830144894659e-01
1.435128442518362135e+00
2.683476927628021258e-01
-1.397464566686380749e+00
-2.712934978661451169e+00
-8.247478159410093213e-01
-2.173662859388514335e+00
4.056596564418214257e+00
1.409627403099875664e-01
7.221612033927158336e-01
-9.328874331401948439e-03
3.090477891610134975e-01
-3.256879425227225511e+00
-6.821901440116562298e-02
8.708815898180546355e-01
2.980518306775138626e+00
-1.288478714399388991e+00
5.631763515839338652e-01
2.700623336972967081e-01
-1.400859942221131860e+00
-1.187243607092341335e+00
1.878281212974343362e+00
-3.766153696161381959e+00
3.949541942612086132e+00
1.217942801237313688e+00
1.822977318151970394e-01
-5.940339956964635348e-03
5.898391150717543496e-01
-7.979582914374532265e-01
8.452907237742692814e-01
-1.103435425978204876e+00
2.152532762167993496e+00
3.634952095103471947e-01
-1.424802726933194208e-01
1.202626279253706798e+00
-7.813475970807303383e+00
-7.862379852861067775e+00
-4.853671087653765426e+00
-6.879334271199695650e+00
4.947876704395639536e-01
1.214860663657418627e+00
3.398622520347089448e+00
5.538770857002646153e-01
-2.389243309732364651e+00
-4.512137692618807705e+00
-2.007493162235732598e+00
-4.339816998310197960e+00
5.828956061150165624e-01
-3.488221364109449496e-01
2.544544585902258405e+00
6.933823028884376072e-01
-3.965558899617235511e+00
-4.163592471778429172e+00
-1.246238934024404443e+00
-4.708425873224314273e+00
1.467161663308615971e+00
-8.547825309115069103e-01
3.047145326823738287e+00
1.606071691274451041e-01
-6.220025534294109093e-01
-1.048117786369630267e+00
3.172043059748830274e-03
-2.432210981497064495e+00
4.753683816954890062e+00
7.986016332147301000e-01
-6.914489607879659161e-03
8.640673918216634775e-02
6.064459741214704991e-01
-3.386106106767556412e+00
-1.448582130819431768e+00
-1.897106515240920999e+00
3.195997017468016566e+00
1.297427267586044763e+00
-2.584697133797817514e-01
