5.487247309483791469e-01
-1.122438506621620036e+00
5.737137756750598783e-01
1.127035896462075470e+00
-2.318814395462140965e+00
1.191778499023712357e+00
5.023795300294295885e-01
-1.027387668800656684e+00
5.250082287602708675e-01
9.943915028352421359e-01
-2.043302855548972730e+00
1.048911352710092615e+00
8.446548325227922760e-01
-1.732882893799796875e+00
8.882280612760951044e-01
1.134875120024844364e+00
-2.334874328523255826e+00
1.199999208522058325e+00
1.159034403207442665e+00
-2.385374624202086125e+00
1.226340221001009922e+00
5.503436765193328029e-01
-1.126026395180815598e+00
5.756827186851296574e-01
5.643839575404854259e-01
-1.154744240055151749e+00
5.903603752876733779e-01
1.672225287129549542e+00
-3.459417685689913924e+00
1.787192398560364381e+00
2.383154786484737997e-01
-4.859969274320974364e-01
2.476814487990850466e-01
1.090973853510149638e+00
-2.243894138227005897e+00
1.152920284718675248e+00
5.546615657985967118e-01
-1.134848754597442166e+00
5.801871887988454546e-01
1.056546743326180149e+00
-2.172312498506471456e+00
1.115765755176653329e+00
5.867951419149903813e-01
-1.200911967398496927e+00
6.141168254871445242e-01
5.637343859525572043e-01
-1.153456506568545592e+00
5.897221206150788930e-01
4.996164684071118245e-01
-1.021711077548388857e+00
5.220946091421865276e-01
1.428028456887659559e+00
-2.947036525007206365e+00
1.519008068109542364e+00
4.807135526489219046e-01
-9.827819560186981107e-01
5.020684033706857008e-01
5.697288332685275236e-01
-1.165722318628468201e+00
5.959934853617596673e-01
1.128431959045883559e+00
-2.321584763912142080e+00
1.193152804859892058e+00
1.194376033910884871e+00
-2.458814666211765143e+00
1.264438632344536018e+00
5.938149888643238228e-01
-1.215284878141574154e+00
6.214698892790693208e-01
5.268242111878862488e-01
-1.077635817643567862e+00
5.508116065184367471e-01
4.165722482021010364e-01
-8.511102958300398313e-01
4.345380476361242472e-01
6.057532430158971692e-01
-1.240020120924782532e+00
6.342668779034283943e-01
6.224800044465155224e-01
-1.274323999792613904e+00
6.518439953397319186e-01
4.935478357028841856e-01
-1.009076361255210941e+00
5.155286199296824634e-01
1.399335719696864544e+00
-2.886888508107404050e+00
1.487552788395987591e+00
7.612279919912907644e-01
-1.560502991963403474e+00
7.992749999757506885e-01
7.852260039189786767e-01
-1.610123400238990143e+00
8.248973962572563323e-01
9.522147013067296939e-01
-1.955832839878894447e+00
1.003618138634919887e+00
1.437466142809171288e+00
-2.966364771425105573e+00
1.528898628504066437e+00
2.653445831410863320e-01
-5.413435330847278237e-01
2.759989499845687533e-01
3.895455683605177910e-01
-7.957335966775644920e-01
4.061880283206846798e-01
1.468751197016899823e+00
-3.032002918909711298e+00
1.563251721727283439e+00
3.577559114037285326e-01
-7.304786070926638786e-01
3.727226956661979784e-01
7.766621720802504569e-01
-1.592179104306524096e+00
8.155169322189976810e-01
8.315758167964304448e-01
-1.705962470664417197e+00
8.743866538407019107e-01
1.178112989709006797e+00
-2.424858070451591630e+00
1.246745080725304433e+00
1.493410615916218376e+00
-3.084038720036005543e+00
1.590628104124334641e+00
9.754558859831377049e-01
-2.003890814337864867e+00
1.028434928372917057e+00
1.081474331639583397e+00
-2.223792227135163557e+00
1.142317895522865001e+00
3.513323577617484261e-01
-7.173306636695997440e-01
3.659983057850695332e-01
8.852022852861409774e-01
-1.816990638720199058e+00
9.317883534667998902e-01
1.058540963403174828e+00
-2.176530463317249087e+00
1.117989499918621732e+00
1.615228137455233082e+00
-3.339111182287524571e+00
1.723883044801368669e+00
8.240050037966284435e-01
-1.690101773659080209e+00
8.660967698524473235e-01
4.594113432704034494e-01
-9.390703076478530420e-01
4.796589643665356562e-01
1.081984288247440418e+00
-2.224821389667340554e+00
1.142837101470831840e+00
1.005551531811761379e+00
-2.066334879842543160e+00
1.060783348036238749e+00
-2.077335561361906002e-01
4.218763709950508201e-01
-2.141428148688646615e-01
5.619913791424551164e-01
-1.149892482391805970e+00
5.879011032229755074e-01
4.639861539299090509e-01
-9.484003435209160671e-01
4.844150623894165619e-01
8.803464384573089774e-01
-1.806591211341583403e+00
9.262447728415281745e-01
1.479481323203799548e+00
-3.054217797906858323e+00
1.574736474603014358e+00
4.582690957640807028e-01
-9.367067453822528478e-01
4.784376494162643212e-01
8.226521067781504826e-01
-1.687615989326332055e+00
8.649638826336740749e-01
1.030514400204083358e+00
-2.118315182346123038e+00
1.087800782121121301e+00
1.009955993974472221e+00
-2.075309447865947732e+00
1.065353453796888061e+00
1.012879489412625844e+00
-2.081378764631153899e+00
1.068499275227623002e+00
4.122351584837815608e-01
-8.422403438216861105e-01
4.300051849832016160e-01
5.029857150129828369e-01
-1.028657347250373277e+00
5.256716322319334722e-01
1.374248161021569103e+00
-2.834216855642807786e+00
1.459968694614872220e+00
1.218157509619231860e+00
-2.508601595783147786e+00
1.290444086163915927e+00
7.813355706566653680e-01
-1.601758635692931421e+00
8.204230650308090844e-01
9.694105276348636835e-01
-1.991449920084960468e+00
1.022039392496481014e+00
4.300475126283345162e-01
-8.788382474403988454e-01
4.487907348484441172e-01
5.069473565272346605e-01
-1.036742943376339099e+00
5.297955870028090430e-01
3.660929652305640047e-01
-7.476434058526137960e-01
3.815504406948093674e-01
4.210806250512177940e-01
-8.603279679500701604e-01
4.392473429043093347e-01
9.175405492096615490e-01
-1.883791527353423589e+00
9.662509781010157894e-01
1.452459699354221812e+00
-2.998215188670656062e+00
1.545755489315524756e+00
9.053023998767457670e-01
-1.858231622631137725e+00
9.529292227962287143e-01
1.071013512680110580e+00
-2.202168848991277628e+00
1.131155336313895532e+00
3.915951025546746678e-01
-7.999252868075927836e-01
4.083301842456421582e-01
9.163070373751907027e-01
-1.881323752986645559e+00
9.650167155577946687e-01
5.599352306553555536e-01
-1.145628985609619122e+00
5.856937549788199249e-01
9.430385920122716925e-01
-1.936713606252851605e+00
9.936750143260724144e-01
6.300947723557328572e-01
-1.289931310572683287e+00
6.598365382060364936e-01
9.031009880591227557e-01
-1.853763603420702566e+00
9.506626153497563791e-01
1.661401794608536875e+00
-3.435699447494698688e+00
1.774297652902532718e+00
1.103991666454021470e+00
-2.270962401574251999e+00
1.166970735108407098e+00
1.090222261066628562e+00
-2.242403225485759322e+00
1.152180964319086343e+00
4.676042983019215171e-01
-9.558591613522366970e-01
4.882548630712335580e-01
6.046792390297923703e-01
-1.237631138241340523e+00
6.329518993834426510e-01
1.002553315750446927e+00
-2.060141998614199110e+00
1.057588682830100879e+00
1.130726738053454028e+00
-2.326426896254815802e+00
1.195700157864848734e+00
1.630935117644185084e+00
-3.372664634634929826e+00
1.741729517014391604e+00
1.104995581830735318e+00
-2.272798892235186941e+00
1.167803310406270612e+00
1.165057701963633008e+00
-2.397803937557000609e+00
1.232746235545164382e+00
5.447934554504172411e-01
-1.114413141061959323e+00
5.696196856370079331e-01
6.231165716590112424e-01
-1.275679012675027479e+00
6.525624408868679893e-01
1.113494160693335289e+00
-2.290177942510126741e+00
1.176683781992323929e+00
1.036638998901253217e+00
-2.130762665364272834e+00
1.094123666457562649e+00
6.029467023117831559e-01
-1.234042318184037867e+00
6.310956163924856810e-01
1.043438740585770574e+00
-2.144879532605955319e+00
1.101440792028370197e+00
1.131615474409954913e+00
-2.328231387955383980e+00
1.196615913751884364e+00
1.657965080336907704e+00
-3.428696239047894778e+00
1.770731158600938215e+00
5.774177184339350788e-01
-1.181501288938306971e+00
6.040835703779521282e-01
1.573197363600229437e+00
-3.250952522600528027e+00
1.677755159028492926e+00
6.808653594207498827e-01
-1.394643730102870904e+00
7.137783706903064740e-01
1.242690701553328836e+00
-2.559218091299953812e+00
1.316527389619295718e+00
1.118864451336776256e+00
-2.301972175054288527e+00
1.183107724100409541e+00
1.052822147495135141e+00
-2.164754602787979820e+00
1.111932455223723082e+00
1.718040665242369869e+00
-3.555385437841323437e+00
1.837344772518008540e+00
1.159581252973111987e+00
-2.386592088719226012e+00
1.227010835826149560e+00
1.101472116801232914e+00
-2.265410271727887448e+00
1.163938155023060972e+00
1.805671739423814870e+00
-3.740356097418953141e+00
1.934684358755475841e+00
7.134013524155307095e-01
-1.461682002081033716e+00
7.482806496718694689e-01
5.800646290617805789e-01
-1.187155006962711923e+00
6.070903817044381867e-01
1.103344106625627319e+00
-2.269293012139314669e+00
1.165948905089862819e+00
1.129832401277781173e+00
-2.324532236374579952e+00
1.194699834447419562e+00
1.124825280498043867e+00
-2.314147884729209181e+00
1.189322599126171554e+00
1.102034104908852896e+00
-2.266645275171867979e+00
1.164611170186617528e+00
5.652763940734075732e-01
-1.156577780165207514e+00
5.913013865001630620e-01
7.668840050082508242e-01
-1.572160170358984033e+00
8.052761652224944555e-01
1.099475810894546157e+00
-2.261324481107294559e+00
1.161848669120445265e+00
1.127999052569975902e+00
-2.320710641510231653e+00
1.192711588827478408e+00
1.138458043622449622e+00
-2.342326255820808001e+00
1.203868212238376145e+00
1.437913523371207702e+00
-2.967604259444669879e+00
1.529690736280826968e+00
1.236907886234803300e+00
-2.547262605792639079e+00
1.310354719564202242e+00
1.187783106906863395e+00
-2.445297272983225412e+00
1.257514165945394780e+00
1.135898294302023714e+00
-2.337062847860579495e+00
1.201164553085618536e+00
6.239031346176489023e-01
-1.277212616010729107e+00
6.533094762371547404e-01
1.216883918307757995e+00
-2.506066299257327046e+00
1.289182381308819458e+00
1.132960468710734858e+00
-2.331001604557968676e+00
1.198041136468418699e+00
1.092066560558123456e+00
-2.246137191991692816e+00
1.154070635589050653e+00
1.048177112106714048e-01
-2.135451542399096070e-01
1.087274429482931737e-01
6.419876913123516715e-01
-1.314592010115120502e+00
6.726043190037671593e-01
7.078028670694038738e-01
-1.450182616974416305e+00
7.423797512019518763e-01
1.296513036445503531e+00
-2.671908816920222307e+00
1.375395780524740985e+00
6.040421155721560353e-01
-1.236262200844066683e+00
6.322200852309833863e-01
1.154612632005409978e+00
-2.376240149063960416e+00
1.221627517172237276e+00
6.097115591392139322e-01
-1.248209915872394049e+00
6.384983568887037109e-01
1.191035938863933552e+00
-2.452036537513777148e+00
1.261000598566170083e+00
8.737491180463621276e-01
-1.793014311512706627e+00
9.192651934799869196e-01
1.196126641835689952e+00
-2.462650544130156050e+00
1.266523902259905299e+00
4.410904944879803224e-01
-9.014298499951109989e-01
4.603393554416470579e-01
1.501100128350117302e+00
-3.099791517012818076e+00
1.598691388675433700e+00
8.814299423374905018e-01
-1.809270758828461112e+00
9.278408165273503982e-01
8.268282367716892622e-01
-1.695823289169311465e+00
8.689950523603329202e-01
-1.174849254794025910e-01
2.387958569934198749e-01
-1.213109315713154501e-01
1.297107313265769335e+00
-2.673149832133276504e+00
1.376042518724716501e+00
1.534332138795434730e+00
-3.169568277503458376e+00
1.635236138717118592e+00
4.540395692738457001e-01
-9.280848775297272368e-01
4.740453082913518301e-01
1.514786337212171929e+00
-3.128062172806494345e+00
1.613275835827153060e+00
3.936566797365230741e-01
-8.041494038689052104e-01
4.104927241687619244e-01
3.862060917690541828e-01
-7.888987821343107498e-01
4.026926903843559558e-01
4.327169016487459885e-01
-8.843156681159598520e-01
4.515987664344720542e-01
1.521994877422912396e+00
-3.144018270739252330e+00
1.622023393307244987e+00
3.947576433429276221e-01
-8.063675046760181431e-01
4.116098613321810262e-01
4.884196058683301089e-01
-9.983748532558820443e-01
5.099552473720905255e-01
9.660007877391763031e-01
-1.984479411848042218e+00
1.018478624133422272e+00
8.658786914411393809e-01
-1.776909257548140886e+00
9.110305661151869572e-01
1.636896141462784726e+00
-3.385080793515953701e+00
1.748184651924020727e+00
1.048256399397359928e+00
-2.155345689200657944e+00
1.107089289714167535e+00
9.726750320769497193e-01
-1.998252713321562624e+00
1.025577681231879978e+00
6.060572548012714833e-01
-1.240412442258275405e+00
6.343551874970216886e-01
4.641183363355594338e-01
-9.486892395798349753e-01
4.845709031897058594e-01
9.044671713490970433e-01
-1.856650272500701249e+00
9.521831011188623961e-01
9.981239729513617931e-01
-2.050978678938918165e+00
1.052854705921163259e+00
9.623084148370253388e-01
-1.976851585396616429e+00
1.014543170830620511e+00
4.655561481813492719e-01
-9.516235042983680614e-01
4.860673561797739239e-01
