5.237249252331821481e-01
-1.071040504918528313e+00
5.473155796835271758e-01
-3.899761287539149635e-02
7.933290697928896407e-02
-4.033529410389746772e-02
4.961582895693936734e-01
-1.014605263785597344e+00
5.184469742334840703e-01
4.256160347440527403e-01
-8.697311657761019887e-01
4.441151310356872273e-01
8.444924937648465857e-01
-1.732547173976854538e+00
8.880546801847231109e-01
1.135444622008435545e+00
-2.336055738604954968e+00
1.200611286959428980e+00
1.160371968803701748e+00
-2.388159944626750075e+00
1.227787975843057211e+00
1.112354612692797673e+00
-2.288479335168631223e+00
1.176124722476743045e+00
5.702738872905683820e-01
-1.166863661108436645e+00
5.965897738178682630e-01
1.120833526424576121e+00
-2.306031768353932421e+00
1.185198241974831035e+00
2.601451012978941435e-01
-5.306254216020533931e-01
2.704803203068877338e-01
1.095621085921266058e+00
-2.253555998713636654e+00
1.157934912805103522e+00
1.716707318420048978e+00
-3.552959893826482585e+00
1.836252575441903900e+00
5.064341564284404740e-01
-1.035672408114805876e+00
5.292382516799989389e-01
5.836403499615698820e-01
-1.194418911829416174e+00
6.107785618760317448e-01
5.614340501097103697e-01
-1.148724211852822918e+00
5.872901617467505275e-01
1.085810550820497156e+00
-2.233232092929938517e+00
1.147421542123993277e+00
1.425717928916128585e+00
-2.942201294969891023e+00
1.516483366065585869e+00
1.059222435286756081e+00
-2.177767964079976082e+00
1.118545528787763033e+00
1.725360261742935108e+00
-3.570796195585899113e+00
1.845435933843873499e+00
1.132985061739418597e+00
-2.331057224854703236e+00
1.198072163115284638e+00
1.195611426101095276e+00
-2.461387884263785963e+00
1.265776458178152097e+00
5.949790214672248112e-01
-1.217681300441654457e+00
6.227022789880720666e-01
5.289834390550822718e-01
-1.082075224314394291e+00
5.530917852574930293e-01
-1.479269970004679635e-01
3.006027444407664007e-01
-1.526757474466649001e-01
6.438546974577548099e-01
-1.318504948640111252e+00
6.746502511632570531e-01
6.187297074247908313e-01
-1.266600150580416084e+00
6.478704431510777795e-01
4.918632338640236412e-01
-1.005617546347821190e+00
5.137543125028969371e-01
8.613006192563261720e-01
-1.767485568377196614e+00
9.061849491217799368e-01
7.595557535078114597e-01
-1.557049472994549433e+00
7.974937195021993830e-01
2.572427112127115834e-01
-5.247886687766367686e-01
2.675459575220884290e-01
9.512355876295259804e-01
-1.953802737992191396e+00
1.002567150379945815e+00
1.436870340579844196e+00
-2.965117175122941262e+00
1.528246834523997677e+00
2.648034024477965431e-01
-5.402365971240215003e-01
2.754331946907768724e-01
9.149624783549370477e-01
-1.878597898527914367e+00
9.636354201784342877e-01
3.941145696799139841e-01
-8.050511583987827180e-01
4.109365887406966067e-01
1.410697335750228376e+00
-2.910282751909107901e+00
1.499585416212539712e+00
7.714172718078771140e-01
-1.581346146316718659e+00
8.099288745670492062e-01
1.365313526870522765e+00
-2.815699688879249152e+00
1.450386161899587023e+00
7.004924264183500782e-01
-1.435050288742786506e+00
7.345578623226174386e-01
9.676868388696675538e-01
-1.987992092319473159e+00
1.020305253455262573e+00
4.130808557929412927e-01
-8.439597678489008103e-01
4.308789121578229242e-01
1.657711635595660482e+00
-3.428270311444066465e+00
1.770558675847496488e+00
3.509890279065075447e-01
-7.166272684544310323e-01
3.656382405470139929e-01
3.600078586250674562e-01
-7.351975450519603328e-01
3.751896865069284104e-01
1.024879386502107081e+00
-2.106618264351709513e+00
1.081738877851421421e+00
1.076541486682799587e+00
-2.213619711840692617e+00
1.137078225201548776e+00
8.481634566023785737e-01
-1.740063918318810465e+00
8.919004617291648174e-01
1.032859485630069685e+00
-2.123091477289563045e+00
1.090231991688597191e+00
1.079401879976103373e+00
-2.219455013922015496e+00
1.140053133888613957e+00
1.000290144714199414e+00
-2.055416881696146447e+00
1.055126736932834319e+00
1.342146834916093212e+00
-2.767029314174578758e+00
1.424882479241205147e+00
1.836369735425250838e+00
-3.805085084111851756e+00
1.968715348754813022e+00
1.031758061120854109e+00
-2.120696164226501423e+00
1.088938103043801675e+00
8.480927315031294711e-01
-1.739852741426147986e+00
8.917600099211995257e-01
1.480829035054739506e+00
-3.057041146232222673e+00
1.576212110935557575e+00
4.550693189330559107e-01
-9.301376483881540480e-01
4.750683294605551055e-01
1.359309777822090837e+00
-2.803330522500800726e+00
1.444020744677800394e+00
-9.747435033659712644e-02
1.981911715774913318e-01
-1.007168213009208557e-01
1.012189136089546082e+00
-2.079944151178096945e+00
1.067755014965769078e+00
1.010140581533960358e+00
-2.075694306381592469e+00
1.065553725058634882e+00
9.697998353958610096e-01
-1.992198792639101157e+00
1.022398957164114108e+00
5.036067834826098988e-01
-1.029933622558019124e+00
5.263268390626762994e-01
6.792409927011249238e-01
-1.391299847109621624e+00
7.120588543539270177e-01
6.705125147991566337e-01
-1.373408511196430482e+00
7.028959963909073849e-01
2.637981728385057067e-01
-5.380873130661711912e-01
2.742891402913301135e-01
9.713251193088581203e-01
-1.995420553916119388e+00
1.024095434603623289e+00
4.274190907826778130e-01
-8.734449078528996324e-01
4.460258171011446393e-01
6.715804216382821323e-01
-1.375627389073088125e+00
7.040469674429914448e-01
3.658006860350724310e-01
-7.470442868943791837e-01
3.812436010530291242e-01
1.509739860911395226e+00
-3.117773557131840789e+00
1.608033696277743729e+00
3.970422434013016755e-01
-8.110430577416991582e-01
4.140008143776867655e-01
1.455236435425831587e+00
-3.004029962488857564e+00
1.548793527041198104e+00
3.877913046908361139e-01
-7.919864459036034532e-01
4.041951412109483499e-01
1.104219298419593542e+00
-2.271188843765230558e+00
1.166969545291067334e+00
4.150389393062141608e-01
-8.480069053130137036e-01
4.329679660131660057e-01
9.153853630205048830e-01
-1.879414032345266605e+00
9.640286693429516163e-01
1.159157017684265156e+00
-2.385597279036119289e+00
1.226440261261814157e+00
9.460497768695859122e-01
-1.942955512472508417e+00
9.969057356247503776e-01
1.107720046808026382e+00
-2.278359523138533405e+00
1.170639476118594757e+00
9.011873707650011056e-01
-1.849800668610441789e+00
9.486132978372552316e-01
5.336533619192778133e-01
-1.091366747662505077e+00
5.577133858460001647e-01
1.103700496951205423e+00
-2.270357318468086305e+00
1.166656821577817027e+00
1.090227788746233273e+00
-2.242414595038098923e+00
1.152186806145437004e+00
4.679853315010404913e-01
-9.566415401795893558e-01
4.886562088140635751e-01
6.027785363976363442e-01
-1.233717879895266378e+00
6.309393435867605149e-01
1.034152149383771757e+00
-2.125734893745175214e+00
1.091582744520565029e+00
1.128487284986476880e+00
-2.321767973344321945e+00
1.193280688245977217e+00
1.090385876356776862e+00
-2.242755838281482283e+00
1.152369962022021355e+00
1.105167831099606701e+00
-2.273157129204264493e+00
1.167989298075553961e+00
1.164339045833912678e+00
-2.396307975513991551e+00
1.231968929649156053e+00
1.133581027876971348e+00
-2.332217812974704430e+00
1.198636785067719757e+00
6.205975160628440790e-01
-1.270490740555942466e+00
6.498932245231117122e-01
5.597695977548937663e-01
-1.145086154284399527e+00
5.853165565367817180e-01
4.931537759730417747e-01
-1.008289960905131011e+00
5.151361849666500348e-01
6.036731341437189258e-01
-1.235538110024208436e+00
6.318649759396066656e-01
1.043797832885502430e+00
-2.145624913077881502e+00
1.101827080195107555e+00
1.678197626191831660e+00
-3.471629631845644326e+00
1.793432005650174688e+00
1.081938196640294336e+00
-2.224686820515671570e+00
1.142748623704392230e+00
1.139720525531629391e+00
-2.344948810182359011e+00
1.205228284633449221e+00
1.575161322248277429e+00
-3.255074423453152122e+00
1.679913101171223389e+00
1.764463073079241440e+00
-3.653205708398672868e+00
1.888742635322159913e+00
1.247989667662295687e+00
-2.570266019318296458e+00
1.322276351722393883e+00
1.116577226510344190e+00
-2.297214504990733985e+00
1.180637278541325941e+00
1.055211758037330583e+00
-2.169719276714204170e+00
1.114507518542268372e+00
1.170980946704730741e+00
-2.410098773291792895e+00
1.239117826584333670e+00
1.712190908724551264e+00
-3.543407965504229651e+00
1.831217056668720033e+00
5.212505442532346933e-01
-1.065996582475236210e+00
5.447460382447388838e-01
7.129089624868356623e-01
-1.460666410338490095e+00
7.477574478380120127e-01
1.070196579723142349e+01
-2.464724487662351748e+01
1.394527907939664146e+01
5.495486362042356632e-01
-1.124172892571550619e+00
5.746242563500345568e-01
-2.947547798976302147e-02
5.996481917554774554e-02
-3.048934113940049428e-02
1.130102688123770349e+00
-2.325126507255845354e+00
1.195023819183006708e+00
1.099798698101949412e+00
-2.261997530174085114e+00
1.162198831950263411e+00
1.160691501683686511e+00
-2.388709040325920796e+00
1.228017538195672387e+00
7.623481092778092716e-01
-1.562792151192297752e+00
8.004440419399543316e-01
1.100528612334528589e+00
-2.263513182574570237e+00
1.162984568916726857e+00
5.702829932570239180e-01
-1.166894789703292190e+00
5.966117964317163569e-01
1.167496236480474181e+00
-2.402760258918533509e+00
1.235264023125637323e+00
2.322559364891276346e+01
-1.084608982853869747e+02
8.523530576604480302e+01
6.590282268889495754e-01
-1.349514082207861065e+00
6.904858552989026066e-01
1.794781120741390623e+00
-3.717381643255066592e+00
1.922600521809727070e+00
1.131601817191949522e+00
-2.328124588830178254e+00
1.196522771571835619e+00
1.197009523783890472e+00
-2.464245969776129641e+00
1.267236445879461826e+00
6.357168418753644801e-01
-1.301757350724074058e+00
6.660405093352892436e-01
1.799496681197524595e+00
-3.727058395366839250e+00
1.927561720136509393e+00
1.122397951997299970e+00
-2.309212798537373601e+00
1.186814846870220208e+00
1.400709921662382840e+00
-2.890013698944130738e+00
1.489303777248096594e+00
6.204588378295738949e-02
-1.263419642664302955e-01
6.429608087273663841e-02
1.380024300711738761e+00
-2.846243835810128076e+00
1.466219534861011198e+00
1.534708388655417366e+00
-3.170304590060368355e+00
1.635596201442240272e+00
4.606524813630130666e+00
-9.826852960884934873e+00
5.220328147242071282e+00
5.882603026775541366e-01
-1.203965641912873252e+00
6.157053394754257170e-01
6.357111861416342435e-01
-1.301765669905762479e+00
6.660544838159694336e-01
1.225224142822298745e+00
-2.523274567478438257e+00
1.298050424961729732e+00
-1.842291973598548793e-01
3.742186204299287056e-01
-1.899894230691643315e-01
1.153116335082813748e+00
-2.373089141027776350e+00
1.219972805925863213e+00
1.035968146389677713e+00
-2.129469114644962247e+00
1.093500968254375039e+00
9.787742161161077092e-01
-2.010738746983406600e+00
1.031972790065083245e+00
1.420318936065086746e+00
-2.930989943792155827e+00
1.510671007778000785e+00
1.355005567754233198e+00
-2.793621812458695786e+00
1.438616244637159980e+00
9.845413708826526999e-01
-2.022584065707633272e+00
1.038042694810428657e+00
1.334531539511772280e+00
-2.751297563223488396e+00
1.416766023697164201e+00
1.008236670128098922e+00
-2.071941821079235524e+00
1.063705150946589129e+00
4.546392309975999524e-01
-9.293159693988854997e-01
4.746767383039696142e-01
1.023677112822042545e+00
-2.103648702370264800e+00
1.079971589538217813e+00
9.238826419914403232e-01
-1.897044662681764748e+00
9.731620207639934961e-01
1.494182483530494210e+00
-3.085534585021378007e+00
1.591352101522716112e+00
1.529705103615924600e+00
-3.160054060675975052e+00
1.630348957060959947e+00
1.523297982625990699e+00
-3.146751290512838750e+00
1.623453307896852493e+00
1.464735141260462115e+00
-3.023578612044730107e+00
1.558843470828833233e+00
1.589486165281414287e+00
-3.284453413976734737e+00
1.694967248690772976e+00
9.672407014131749747e-01
-1.987050734982403810e+00
1.019810033584690245e+00
8.595963155385106802e-01
-1.763907692147768103e+00
9.043113764773806906e-01
2.785124918082146905e+00
-5.827540392448099738e+00
3.042415474391418684e+00
1.081225472726146108e+00
-2.223857177161335130e+00
1.142631704396080750e+00
4.095094044359939289e-01
-8.366873474224121310e-01
4.271779429318485199e-01
1.809757615680609888e+00
-3.748401325267877837e+00
1.938643709591815423e+00
5.139172236158628948e-01
-1.050988198458981060e+00
5.370709748458466493e-01
1.104971653413485910e+00
-2.272713817676049075e+00
1.167742164197079546e+00
4.605775512982290820e-01
-9.414609501145605464e-01
4.808833988081460120e-01
1.523598263671374298e+00
-3.147354587013978744e+00
1.623756323398083623e+00
4.692863444470276590e-01
-9.592829159219036228e-01
4.899965715558209922e-01
