1.047359656818116491e-01
6.871379349838662165e-01
-4.548009485348984526e+00
-1.861698251409052318e+00
-1.090788263759804977e+00
3.392192238386996905e+00
-6.977438084823006648e-01
1.011063603420552681e+00
8.376082966950093578e-01
-4.342192697458358452e+00
-7.454108971156983898e+00
-4.932897282951216766e+00
-5.037764476991924312e+00
-2.809228076416729891e-01
2.106965491266237223e-01
3.132319876458495855e+00
7.023850838804719388e-01
-2.724197830700404666e+00
-5.504036487281382506e+00
-3.042924118927658128e+00
-5.870134097760910663e+00
9.410896849399250641e-01
-4.688114776618022006e-01
3.351673973855213262e+00
2.907562612708147753e-01
-4.500922440894328247e-01
-2.902975891796813812e+00
-2.861649891951401514e+00
-3.070489847698354424e+00
1.379203894752663473e+00
2.345692803046404151e-01
1.319353463486550027e+00
9.871257921390110823e-01
-3.498826509746095326e+00
-7.533272459657837317e+00
-7.108609539227018104e+00
-7.689223647310882370e+00
-1.456221067669503100e-01
-1.151923038388758869e+00
5.206524776336664218e+00
3.475949012092769408e-01
-3.515270224147684530e+00
-2.856135051264800495e+00
6.448787103604445292e-01
-1.048038599386472924e+00
1.883518367992564890e+00
1.068990081417723559e+00
-6.456876378888409818e-02
1.545981402907727897e-01
-1.298164597611275894e+00
-6.218544985028984229e-01
1.946874100132845342e+00
-1.683564688889418903e+00
3.318071835904447653e+00
4.027874224016159133e-01
2.043061511812993558e-02
5.773951853544758706e-01
-2.474887772437909916e+00
-5.299470861702729962e+00
-1.853219080565850163e+00
-4.931759900803626806e+00
8.067850225202164438e-01
7.925933925771460054e-01
1.945286293979734182e+00
4.291907981907456815e-01
-1.969896809025840412e+00
-4.595678664411252612e+00
-4.077117645056205220e-02
-3.342965431288121181e+00
1.595806823074781278e+00
-3.948436468376712583e-01
1.907178763582123793e+00
9.943414025329389005e-01
-5.515123695978445539e+00
-6.724339992766090290e+00
-2.789720512506391970e+00
-7.841240993286191951e+00
4.426524020485430810e+00
1.390343532719271025e+00
2.736952675685643044e+00
7.558152298371396682e-01
-2.640368616183650374e+00
-5.498509016936850458e+00
-4.581758169424119842e+00
-6.502336743254545581e+00
-8.591777844353600813e-01
-4.353354484783267253e-02
3.561830866837226495e+00
1.758272519911486143e+00
-8.768097221555308352e+00
-1.215382002368937719e+01
-8.817233018689876189e+00
-1.197501313842212767e+01
-3.288867273191044660e+00
-1.580826507083656907e-01
7.404570688866442651e+00
1.132240855660938905e+00
-6.706127030242214460e+00
-6.853367548350206562e+00
-6.334675696546128165e+00
-6.842299947449191677e+00
1.122811427004762663e+00
4.303205663350126997e-01
3.827191097692775656e+00
7.149164620711303542e-01
-4.379301764908404948e+00
-4.415461563224198471e+00
-9.976710613586874388e-01
-5.035739800216106232e+00
5.338455546981094813e+00
-4.893435567487358639e-01
2.565617223081972043e+00
8.781468475497149484e-01
-5.084862215804832886e+00
-8.927000807876083854e+00
-4.120131221977771929e+00
-4.163765255907946994e+00
7.353601468266788288e-01
-8.413309999600642186e-01
3.610517366279054841e+00
9.269505885139324164e-01
-5.514947144179132010e+00
-7.270125808308648629e+00
-5.312321246804913244e+00
-5.733162256517516653e+00
-5.928414789377711713e-02
2.218335159845992166e+00
2.027031500297198363e+00
5.365659976616825588e-01
-4.375433586727695001e+00
-4.981864426016500147e+00
-2.770287281467062712e+00
-9.133430136907918495e-01
5.242897836110842036e+00
-1.485446998299266852e+00
1.989995287651254330e+00
5.938968517267539937e-01
-2.344626594007763742e+00
-7.228304161669484529e+00
-3.297155549353647075e+00
-4.757334808594805509e+00
3.792964664710780198e+00
6.934022786317655118e-01
1.922362091256218264e+00
5.946334474279524329e-01
-1.906359652178934994e+00
-5.739648428823784343e+00
-4.393218890438220114e+00
-4.432720074602002569e+00
4.571032227727300778e-01
-1.096788131393623189e+00
3.379420057264724164e+00
7.157482446816629817e-01
-3.771649596550332717e+00
-5.639952547779785164e+00
-3.568600635708207847e+00
-4.789669841214617918e+00
2.758924097840008471e+00
-9.012468028868170222e-02
2.666861835655254254e+00
4.284604889891738821e-01
-1.986675399758837557e+00
-6.139712702754650309e+00
-2.757469086132459779e+00
-1.709221675921071437e+00
1.702806977726140758e+00
-1.531850695408593310e+00
2.483221405137555848e+00
7.098879479033257667e-01
-3.722646856095138901e+00
-4.103199257763890273e+00
-8.420901330673586926e-01
-6.333652982027615508e+00
2.642242236804122513e+00
9.877176082900405163e-01
2.101154082817629387e+00
4.311323535145561436e-01
-1.719889948293257476e+00
-3.659897793085974627e+00
-1.831753766717156395e+00
-3.666811952324223967e+00
8.712739310535653203e-01
1.362952677900466369e-01
1.758819450373266591e+00
1.652893415082246520e+00
-1.020552879282899994e+01
-1.081851441029220950e+01
-7.614150602832523873e+00
-9.517716974314225808e+00
-8.148000553464953555e-01
9.780928651211979741e-01
5.371195588818409306e+00
9.982598344084863129e-01
-4.731888445909817165e+00
-7.427581893323122131e+00
-4.759124064540174004e+00
-6.950577586530926055e+00
-7.381453022203459113e-01
-5.832449418603573577e-01
4.491670875097042881e+00
1.145395798587230729e+00
-6.334416373021667823e+00
-7.135933460999694944e+00
-4.056492481513487292e+00
-7.379908718681690516e+00
1.267036463837030169e-01
-1.096256526120214403e+00
5.036654073900535877e+00
6.181376176349431262e-01
-3.024253417109093789e+00
-4.068741907774438005e+00
-2.837304847339510161e+00
-5.113336936271480226e+00
3.382439110952418559e+00
5.437183268782064260e-01
2.003146236012980808e+00
5.662418139295937181e-01
-1.914965492092733257e+00
-6.535125634804899164e+00
-4.389803214478888549e+00
-4.731006106297172664e+00
1.789829857562381221e+00
1.046763911109337641e+00
1.837775508588492812e+00
