5.443720508474143571e-01
-1.113534777507993567e+00
5.691627266560317366e-01
1.136412682115405914e+00
-2.338106465136661427e+00
1.201693783020346018e+00
5.195085139994262136e-01
-1.062418571427770075e+00
5.429100574383483035e-01
1.007427901478877175e+00
-2.070090716417325893e+00
1.062662814912982867e+00
8.468239509566046763e-01
-1.737331227739559836e+00
8.905059945436732960e-01
1.133416095232860243e+00
-2.331872597584151663e+00
1.198456502332192031e+00
1.167144908120462787e+00
-2.402067132807133021e+00
1.234922224695765181e+00
5.696291556096184650e-01
-1.165485441373675712e+00
5.958562857695142156e-01
5.689729825280664954e-01
-1.164135387978603831e+00
5.951624054523563245e-01
1.685879603935973137e+00
-3.487664950683210918e+00
1.801785346753604244e+00
2.285024461698412779e-01
-4.659852137392590521e-01
2.374827675594133325e-01
1.103742052047891775e+00
-2.270155615292424045e+00
1.166413563227251871e+00
5.685127961769467220e-01
-1.163188460948731517e+00
5.946756647736037849e-01
1.067718014202000631e+00
-2.195281068788972334e+00
1.127563054589700187e+00
5.956735181143812952e-01
-1.219081944705067144e+00
6.234084265915953438e-01
5.725080244219498127e-01
-1.171408395837715943e+00
5.989003714184946148e-01
5.167512583866482601e-01
-1.056751829575659940e+00
5.400005711917401641e-01
1.442417823726827919e+00
-2.976737636018697231e+00
1.534316371464228723e+00
4.881221182713488815e-01
-9.979283337925153319e-01
5.098062155411753338e-01
5.725740786747337552e-01
-1.171544335252292512e+00
5.989702565757397679e-01
1.131970159156480804e+00
-2.328863969150006596e+00
1.196893809984430845e+00
1.196054039614864450e+00
-2.462269015525635041e+00
1.266214975915318064e+00
5.962524457836479996e-01
-1.220273446076134860e+00
6.240210002915773657e-01
5.439795039183081826e-01
-1.112727424857439473e+00
5.687479209582306794e-01
4.227115076373593183e-01
-8.636500050424729125e-01
4.409386830584480776e-01
6.213215541511090123e-01
-1.271889760414524062e+00
6.505682062888809014e-01
6.263811189310217742e-01
-1.282309842521499377e+00
6.559287235822921502e-01
4.939984386837750208e-01
-1.009999272693676176e+00
5.160008340344575117e-01
1.409960094083544391e+00
-2.908806769640250423e+00
1.498846675539425632e+00
7.668600518099992769e-01
-1.572048540572723141e+00
8.051884887690903270e-01
7.938233614822820527e-01
-1.627752349304500967e+00
8.339289881132572191e-01
9.656698437356681097e-01
-1.983469632476953848e+00
1.017799788611227996e+00
1.437382878169046307e+00
-2.966193227819530875e+00
1.528810349855120876e+00
2.718669615678663831e-01
-5.546501833314323449e-01
2.827832218126786756e-01
4.022440486023697304e-01
-8.216731917545985198e-01
4.194293783630200778e-01
1.473002861508575734e+00
-3.040779704766464420e+00
1.567776843512547202e+00
3.572747429470837233e-01
-7.294962070936890086e-01
3.722214641211394337e-01
7.692055182369585964e-01
-1.576892857684470073e+00
8.076873394747963175e-01
8.415896344395150663e-01
-1.726505767259368440e+00
8.849161328407717519e-01
1.176218662483734079e+00
-2.420959140164086421e+00
1.244740477703089709e+00
1.509693484547824482e+00
-3.117664731174954795e+00
1.607971246652596164e+00
9.819650725748942932e-01
-2.017262643664253119e+00
1.035297571073897416e+00
1.078084436036078841e+00
-2.216821606457415328e+00
1.138737170592321490e+00
3.526583738866975182e-01
-7.200381472312074038e-01
3.673797732417369843e-01
8.985243512743181782e-01
-1.844335727087127452e+00
9.458113758037143270e-01
1.073208845706176362e+00
-2.206690124578926770e+00
1.133481278880026366e+00
1.614556660775633645e+00
-3.337722665802175470e+00
1.723166005148414115e+00
8.217046484624006553e-01
-1.685383513906344888e+00
8.636788654375777696e-01
4.704645905494544422e-01
-9.616640498106789892e-01
4.911994592584960628e-01
1.077197057683406456e+00
-2.214977226404698740e+00
1.137780168656718160e+00
1.012351906101685017e+00
-2.080309556028623774e+00
1.067957649920572294e+00
-2.054279718167890678e-01
4.171940423902924522e-01
-2.117660705762318685e-01
5.727237181163218338e-01
-1.171852204994138447e+00
5.991284868860020651e-01
4.698951338787082932e-01
-9.604947788766367012e-01
4.905996449515441782e-01
8.741428391158478917e-01
-1.793860388595930999e+00
9.197175494655311923e-01
1.475104728414407873e+00
-3.045182800653492450e+00
1.570078072188152873e+00
4.673110312605786021e-01
-9.551885815144487424e-01
4.878775498254981358e-01
8.391686712020600680e-01
-1.721498547685769154e+00
8.823298763418279123e-01
1.045058677468659880e+00
-2.148211755964439362e+00
1.103153078480318072e+00
1.008610625385699677e+00
-2.072545022257145320e+00
1.063934396802324045e+00
1.011616002872870013e+00
-2.078782269734801957e+00
1.067166266759159043e+00
4.216370854674096336e-01
-8.614493629793287255e-01
4.398122777856769972e-01
5.223505133080834639e-01
-1.068260360275417042e+00
5.459098469555101474e-01
1.377586478834928130e+00
-2.841102219529602735e+00
1.463515740731054393e+00
1.229396801004440931e+00
-2.531747075515340839e+00
1.302350274510899908e+00
7.691211272694999934e-01
-1.576718638906640990e+00
8.075975116407789756e-01
9.808314203546615317e-01
-2.014911586417838407e+00
1.034080166208696028e+00
4.457918262260136544e-01
-9.110133048643547227e-01
4.652214785855903756e-01
5.207434234298489173e-01
-1.064956914918184339e+00
5.442134914865164319e-01
3.769006578977496247e-01
-7.697149512969190255e-01
3.928142933064009412e-01
4.234721557650118484e-01
-8.652142245609866222e-01
4.417420686340847169e-01
9.213334211699475418e-01
-1.891578714356910496e+00
9.702452932688174769e-01
1.467769255319581134e+00
-3.029817570361956314e+00
1.562048315026004275e+00
8.975612616995931603e-01
-1.842341632363968529e+00
9.447803707316779764e-01
1.072893080378889863e+00
-2.206033613903855439e+00
1.133140533523146587e+00
4.028998431585932849e-01
-8.230180023838329362e-01
4.201181592943612486e-01
9.248376951964019099e-01
-1.898838338140194537e+00
9.740006429556160583e-01
5.676386590048423386e-01
-1.161390025132277515e+00
5.937513661228877027e-01
9.514381411736394512e-01
-1.953963874186229077e+00
1.002525733148104337e+00
6.278567746212502243e-01
-1.285349313719052589e+00
6.574925390896169120e-01
9.003510021257170592e-01
-1.848118331436126027e+00
9.477673293013140210e-01
1.647467838888587721e+00
-3.406885066074210044e+00
1.759417227231097058e+00
1.116825104890267539e+00
-2.297361317127069924e+00
1.180536212228616932e+00
1.106226119188249868e+00
-2.275320673405985872e+00
1.169094554121329566e+00
4.749665213221305748e-01
-9.709085712511296151e-01
4.959420498580584535e-01
6.055098363385695848e-01
-1.239330807930855372e+00
6.338209718533107662e-01
1.010761761963294703e+00
-2.077009427023767785e+00
1.066247665140508616e+00
1.137224429056004738e+00
-2.339795602480080561e+00
1.202571173578689923e+00
1.646536501120863250e+00
-3.404926657217401953e+00
1.758390156086534262e+00
1.106640844533103518e+00
-2.276182932338997489e+00
1.169542087968693522e+00
1.168536888369089866e+00
-2.404964738241687883e+00
1.236427850099971693e+00
5.458703135991527233e-01
-1.116615745433591655e+00
5.707454319035605295e-01
6.305664678211542196e-01
-1.290930756898887921e+00
6.603642889485854539e-01
1.102184514105829294e+00
-2.266917486525017011e+00
1.164732972673846234e+00
1.038312654954097525e+00
-2.134203040577631327e+00
1.095890385685379442e+00
6.019689823724547750e-01
-1.232041354527609656e+00
6.300723728882076102e-01
1.044925720062565233e+00
-2.147936173678317573e+00
1.103010453611204866e+00
1.136178633811141481e+00
-2.337619952047134575e+00
1.201441318205070274e+00
1.650471624625424738e+00
-3.413199613784854591e+00
1.762727989148515917e+00
5.766316018944053212e-01
-1.179892725991521729e+00
6.032611238751997007e-01
1.575607390775985550e+00
-3.255931945665906824e+00
1.680324554875369358e+00
6.848917937595615513e-01
-1.402891617053683149e+00
7.179998233104925021e-01
1.233121202479196654e+00
-2.539510293418970832e+00
1.306389090884295001e+00
1.135084475452458719e+00
-2.335343035625555785e+00
1.200258561243572331e+00
1.072398182805045508e+00
-2.205005583867205132e+00
1.132607401184941409e+00
1.719078281877045811e+00
-3.557532648967935529e+00
1.838454367044505489e+00
1.171015238367544953e+00
-2.410124640922731487e+00
1.239109402406029403e+00
1.100334299447240483e+00
-2.263070043930383690e+00
1.162735744363089907e+00
1.815210029723857588e+00
-3.760114619465639407e+00
1.944904590568512504e+00
7.124624837942974409e-01
-1.459758545564909582e+00
7.472960535169477225e-01
5.971935414409017540e-01
-1.222210983174591092e+00
6.250174417200469179e-01
1.101757313145753869e+00
-2.266028968931095733e+00
1.164271655700758856e+00
1.134849972871961654e+00
-2.334855601311573992e+00
1.200005628363214782e+00
1.131243031345547934e+00
-2.327351348444608448e+00
1.196108316964455298e+00
1.103862961373124563e+00
-2.270406932768310071e+00
1.166543970874954539e+00
5.694989519515729626e-01
-1.165217361161012377e+00
5.957184095295815496e-01
7.709233648420195095e-01
-1.580440986520443403e+00
8.095176216384061263e-01
1.101219546688298578e+00
-2.264911103357007960e+00
1.163691556623234646e+00
1.132659262939341716e+00
-2.330297919091208314e+00
1.197638656132767210e+00
1.136902884197297681e+00
-2.339126787677741959e+00
1.202223903420417628e+00
1.448067333510152821e+00
-2.988560355864137819e+00
1.540493022172086057e+00
1.231308857279145741e+00
-2.535732266021113901e+00
1.304423408674665552e+00
1.198338627198609174e+00
-2.467028060088523489e+00
1.268689432699829922e+00
1.137039296485454543e+00
-2.339411068444860575e+00
1.202371771832986269e+00
6.244016221671699896e-01
-1.278233129197360540e+00
6.538315068110023276e-01
1.232924408954204409e+00
-2.539100843729102053e+00
1.306176434753979265e+00
1.136310581358884519e+00
-2.337894590000360040e+00
1.201584009010730369e+00
1.103528286558685068e+00
-2.269710908258275595e+00
1.166182621026564448e+00
1.263919596203777473e-01
-2.574983805989177199e-01
1.311064222618369968e-01
6.523522783672888181e-01
-1.335815651579650876e+00
6.834633736198156839e-01
7.104309309988821042e-01
-1.455567227026222099e+00
7.451362958918252843e-01
1.302819267602899345e+00
-2.684905276547397079e+00
1.382085988512699259e+00
6.001078685885659070e-01
-1.228210151798521110e+00
6.281022829880384961e-01
1.165690400508538005e+00
-2.399038615410972852e+00
1.233348214926991204e+00
6.284480543454264989e-01
-1.286567334211213165e+00
6.581192796684263158e-01
1.200107761433173437e+00
-2.470713221199730469e+00
1.270605460709703038e+00
8.719676345699554076e-01
-1.789358438452836708e+00
9.173908039347224985e-01
1.205558175450278213e+00
-2.482068487332981022e+00
1.276510311813581211e+00
4.485711236166025628e-01
-9.167175967413641047e-01
4.681464731902451604e-01
1.505599805908786948e+00
-3.109084095962316496e+00
1.603484290105370746e+00
8.998284162044001278e-01
-1.847036548429969116e+00
9.472081321800942533e-01
8.175496318763180170e-01
-1.676792868596749031e+00
8.592432371069662622e-01
-1.168851533957422362e-01
2.375767530757002532e-01
-1.206915996071984409e-01
1.303412789316098497e+00
-2.686144284953115857e+00
1.382731495552434353e+00
1.541896234206433292e+00
-3.185193501249159453e+00
1.643297267025445763e+00
4.698799894058538484e-01
-9.604634535726290778e-01
4.905834642213449115e-01
1.505868363173249236e+00
-3.109646827080723597e+00
1.603778463684648159e+00
4.045487917655918864e-01
-8.263996193645652966e-01
4.218508275816930109e-01
4.005052521251855069e-01
-8.181074808862831560e-01
4.176022286419538432e-01
4.483867809312869213e-01
-9.163393692369936616e-01
4.679525883020687615e-01
1.539878808887806372e+00
-3.180961433805350680e+00
1.641082624923001276e+00
4.005917837257584324e-01
-8.182847892294375924e-01
4.176930055145930964e-01
4.714369162848015549e-01
-9.636605297837377293e-01
4.922236135971616022e-01
9.825852503236092161e-01
-2.018549351827459759e+00
1.035964101503850543e+00
8.745788170044761500e-01
-1.794763212543330155e+00
9.201843955006552278e-01
1.649164245848623978e+00
-3.410450840416160645e+00
1.761286595222372853e+00
1.071429483830797835e+00
-2.202992722798626346e+00
1.131563238916896807e+00
9.857515655839961255e-01
-2.025117536250945705e+00
1.039365970660583116e+00
6.022681146132526919e-01
-1.232657262277825794e+00
6.303891476227363455e-01
4.701752418286559987e-01
-9.610699214363194187e-01
4.908946793693758082e-01
9.048731559933003155e-01
-1.857483762412812212e+00
9.526106064049599809e-01
1.007743210149783408e+00
-2.070744619102697470e+00
1.063001409003845765e+00
9.803905151857179590e-01
-2.013997286303492729e+00
1.033606771150516579e+00
4.696671539813905838e-01
-9.600265570561532513e-01
4.903594030802196357e-01
