2.262686519700878307e-01
-3.250645178892455078e+00
-3.813784603354861247e+00
1.728826299048705550e+00
1.292346114110387134e+00
1.037195090007685394e-01
-1.569740757784643392e+00
-1.072796688710241142e+00
2.085376744366385537e+00
1.799976019474343047e-01
-1.113748787332724532e-02
4.306319674766427852e-01
-3.687487591470471671e+00
-2.888696323225303786e-02
6.205105194403586211e-01
-1.602455070679980054e-01
2.714577190979412080e+00
-2.488250630840866506e+00
-3.543247958886695415e+00
5.493291058960494411e-01
1.144696097856581218e-01
-1.648714704760436689e+00
-1.982383929039087889e+00
1.291699721209624840e+00
5.669840206332992238e-01
-1.423199727759083544e-02
3.638132249690215758e-01
-2.619361947994775619e+00
1.442664269203305594e+00
8.632088982312779990e-02
-2.142489277127879177e-02
1.350603122609754791e-01
1.744867357015209564e+00
2.473842710807275580e+00
-9.549556507527086069e-01
-1.086647161816358675e-01
1.463357598578909347e+00
1.154292650991919800e+00
4.125849575893425936e+00
-1.592603445894837932e+00
9.908079108055289907e-02
-1.500743419823265867e+00
-1.057176930220975919e+00
2.119577283003309276e+00
1.493780871883245709e-01
6.883429866400092578e-02
-8.416086508516400500e-01
-3.563746408473207339e+00
1.421064307539836591e+00
6.229665740725067735e-01
-2.215347579298168057e-01
3.827832493618188892e+00
-5.118737923717844751e+00
-3.431168156569128769e+00
7.373066448167264753e-01
1.693303312313219067e-01
-2.398629652239264942e+00
-3.038620460987658589e+00
5.688679612512714812e-01
1.160481341332797456e+00
-6.877801303961632584e-01
1.048123605485875487e+01
-5.977181962543909322e-02
-1.481419979436850554e+00
-2.558979847096452431e+00
1.729466243455135555e-01
-2.539597475673417648e+00
-1.534595768430563112e+00
-2.255421493659923726e-01
1.084416644047905720e+00
1.795011577675040826e-01
-2.787618220994204421e+00
-9.047756748825577233e-01
3.571945940512250672e+00
1.537831889872904867e-01
-3.102173440785804814e-01
4.878218487361323241e+00
-2.857087177399762368e+00
1.915275311732330010e+00
-1.243284947176107380e+00
-2.765323908259915697e-01
4.660431606437896335e+00
-5.242889577790720068e+00
-2.944193014461234270e+00
4.166869063933518191e-01
4.094786509841696898e-02
-3.868858043881573394e-01
-2.804510813136857905e+00
-1.614236430035816738e+00
1.042850224540416093e+00
1.023177552269771695e-01
-1.371075472975689991e+00
-3.653661285759426391e+00
2.236191759122448275e+00
6.042055886864545755e-01
-1.221510331125728044e-01
1.723319692829136329e+00
1.614095381221432035e+00
1.028641323437568644e+00
-1.045426113675603119e+00
1.224488690610883168e-01
-1.673362130513282864e+00
-2.394304108547885335e+00
-1.315320230037741567e+00
1.258926570597850514e+00
3.125904499163993933e-01
-4.971507720110139417e+00
6.948028281503866310e-01
4.287962226735544391e+00
3.003304593485154328e-01
3.364167552155095109e-02
-2.821452495082894529e-01
-3.535964408168410955e+00
6.007059438884425617e-01
6.473015087649400812e-01
1.287601187830773597e-01
-1.560968793571532842e+00
-5.573173906200281635e+00
-8.784023422667814884e-01
1.762860174707384431e+00
-7.802354742369743690e-02
1.383375466244501695e+00
-1.799160580076431870e+00
-2.415452407983593730e+00
5.252896868978496059e-01
3.008872458760265545e-01
-4.366510444801861013e+00
-3.802470533918494766e+00
4.015976545506418915e-01
1.919490939840216015e+00
2.679888050153067525e-02
-5.776203803050066199e-01
4.657890286810015823e-01
4.813664729493666528e+00
-1.035915462410230248e+00
1.702304617168124423e-01
-2.510451364620621462e+00
-9.629609548749158421e-01
-1.246688334520058561e+00
1.197413055611832533e+00
3.855472193367859290e-02
-1.068005903235871301e-01
-5.781858009334655435e+00
-3.312785793745661067e+00
1.957964086922402203e+00
-2.514632911423859696e-01
4.019098744098528186e+00
-2.967301491690705006e+00
1.655550827389106416e+00
-9.355303687789273681e-01
8.789330523308080956e-02
-1.065034315909088036e+00
-3.281616918679446826e+00
-2.196065160498164914e+00
1.471286826800678682e+00
3.098400123616329438e-02
-2.198692339275112317e-01
-2.652434928869752184e+00
-2.685443711524840182e+00
1.214804384546368965e+00
1.292233391394574937e-01
-1.910041133604295283e+00
-1.398469638982987817e+00
8.275734286398801487e-01
6.366859112190468295e-01
2.749345570075547585e-01
-4.018951464545239105e+00
-3.431785295990948725e+00
9.925278983441785385e-01
1.615926729642069404e+00
-4.115312700605500140e-04
1.630277540651832169e-01
-2.711609882723678311e+00
1.281386826820380520e+00
1.990376923886287841e-01
2.011697090410962119e-01
-2.941511910792542039e+00
-1.803261896230651473e+00
-9.537751649568235734e-01
1.426276665643854358e+00
3.214075470825719094e-01
-4.747548842968512872e+00
-2.806210633051705372e+00
-1.855198076755186776e-01
1.973375096304607723e+00
-1.811265597920055370e-01
2.908039814030303205e+00
-1.652818588704803915e+00
-7.568113184379399172e-01
-3.207778208061426994e-01
6.514002753040699645e-01
-9.860918655336718075e+00
-3.885981394787449972e+00
2.219741867226275644e+00
3.139184914054567344e+00
9.141334043221149841e-02
-1.185596473202849666e+00
-2.485534630553274837e+00
-1.621561253980871697e+00
1.210628129333144898e+00
1.792586139895320230e-01
-2.400719844658055990e+00
-4.206185965619397393e+00
-2.291464263657417177e+00
2.060747711791009351e+00
1.917210093756125389e-01
-2.861911443659209908e+00
-1.389381430594312405e+00
2.998548792879773828e-01
1.033340854499783745e+00
1.905043794047855954e-01
-2.927167906080626381e+00
-4.321821776695742301e-01
9.357343765364021237e-01
7.136597413814342872e-01
1.534358279929506352e-01
-2.001139798803365011e+00
-4.144713129389401729e+00
-2.670989876062321855e+00
2.023657746393837442e+00
3.729895714027406939e-01
-5.695185617964284575e+00
-1.003599143188921516e+00
4.938366114315613231e-01
1.735262277685251320e+00
1.065506415729942091e-01
-1.573322856980212237e+00
-2.183923765355984870e+00
3.286842655858436046e+00
1.299702770620569936e-01
3.431472793543548505e-01
-5.045409439268496499e+00
-2.623163502058332597e+00
-2.319164839770564868e+00
2.520651251938943460e+00
2.185404229546747956e-01
-3.279425384152887091e+00
-1.672442747214518022e+00
1.239448038242699113e+00
9.928250110360750114e-01
2.155979934075844540e-01
-3.467434517102560676e+00
1.307346396645471032e+00
2.033772127653719508e+00
2.695491025574483501e-01
-2.083625878128714248e-02
4.986351926507950338e-01
-1.840116821694664395e+00
-1.868955851703958615e+00
6.569647092346713180e-01
1.445515323355834880e-01
-2.049791197589115654e+00
-2.161880400571817518e+00
-7.987265075598770636e-01
1.205891888074347662e+00
8.391751082967857656e-04
9.573625160112442245e-02
-2.600626871347458291e+00
2.749486116793377732e+00
-1.421476138302750769e-01
3.109736763854584751e-01
-4.699056635067563548e+00
-1.799010979636932461e+00
1.228561307771542488e+00
1.433900065429952519e+00
2.659743973479180568e-01
-3.596019120311780171e+00
-6.356159676562583627e+00
-2.272646292817626090e+00
2.838570446946960146e+00
5.481126500595792095e-01
-8.241702540317419334e+00
-3.057130258617007712e+00
-7.860378958334877098e-01
3.196067412025513477e+00
3.794850588080862508e-01
-5.979949577973002306e+00
3.066025338489453134e-02
4.713187399465823546e+00
6.354436443853046512e-01
3.259591872449050243e-01
-4.873231300035968161e+00
-2.348185648715571006e+00
7.279080194921334623e-01
1.706314314856626879e+00
3.831148573764835419e-01
-5.655352131410040784e+00
-3.120874745672153949e+00
-1.130339387578715105e+00
2.519836367892366980e+00
2.380309933112698673e-01
-3.378232854350585512e+00
-4.485619270400093228e+00
1.179331453462964419e+00
1.596370047662276193e+00
1.357855873708899708e-01
-1.966567671344478185e+00
-1.444459194887485864e+00
-6.636102001302788267e-01
1.005594714070866758e+00
2.153817999594025423e-01
-3.381383602316418546e+00
2.618130662262956321e-01
1.836035288839866553e+00
4.966847331652388675e-01
3.430508456229972580e-01
-5.043127590333142507e+00
-3.898800579020189616e+00
1.154385759505203168e+00
1.969950648706344509e+00
4.408843294581856753e-01
-6.598958118921586902e+00
-2.584903295609819907e+00
-9.133344971696715220e-01
2.642136886134721863e+00
1.756876823398556553e-01
-2.640490759780163899e+00
-7.252053852798781008e-01
-4.210846180180851661e-01
1.001811119697322283e+00
5.184783458963693192e-01
-7.794820602601930659e+00
-3.523730451193614499e+00
1.003807224418778787e+00
2.743116898539028625e+00
2.396515688059253080e-01
-3.679133141441866428e+00
-1.018362192093945851e+00
2.156281725232020108e+00
7.684579364390629053e-01
1.406276660721346161e-01
-2.141010897213845965e+00
-1.530765738802756459e+00
3.076127616308440338e+00
2.136187508717739547e-01
5.719052299849636256e-02
-7.413359335206450851e-01
-2.289109493951173135e+00
8.351810762574132241e-01
4.781023899990941572e-01
1.156127910851978413e-01
-1.540652590495938057e+00
-4.268437096593061142e+00
2.123094136274630728e+00
8.100590133230980427e-01
-1.470070974056625346e-02
4.141310124763322165e-01
-2.753085388481167683e+00
2.049922038854674611e-01
3.839885862917071790e-01
2.049260701513730965e-01
-3.063926408999577689e+00
-1.391994394981338701e+00
2.603905920282159059e-01
1.101169412454055418e+00
1.905648819467842259e-01
-2.723821694543744343e+00
-3.579022093413186667e+00
1.614585979291405238e+00
1.126647687001423037e+00
1.262152461867458442e-01
-1.795419065491955735e+00
-1.685431929233118353e+00
-1.016207467332606029e+00
1.087713055141648510e+00
2.073159422383810124e-01
-3.046889929885765014e+00
-2.340861579796637670e+00
7.924055684006816591e-01
1.162156291461997171e+00
2.335724263477914064e-01
-3.644328168635070142e+00
-8.384591205717697449e-01
3.936737484974401013e+00
3.101829823722255242e-01
2.313971853890848251e-01
-3.356339218418611381e+00
-2.529912150114341785e+00
-1.075848628334824753e+00
1.722041089887170529e+00
-2.102419006342870489e-02
3.988136541066751306e-01
-1.236081112874217069e+00
4.241044417153716495e-01
3.457171387572088861e-02
2.024050407335948876e-01
-3.123909310899648517e+00
9.886872003107782803e-03
3.104507999637462490e-01
8.257931820276098733e-01
3.429978480875774949e-01
-4.924136866956587255e+00
-5.511823273114032418e+00
8.368167303733571316e-01
2.334186610574306542e+00
3.790094400729913104e-01
-5.609269826667514280e+00
-4.186428923649600620e+00
2.115726233458190109e+00
1.973613072373154864e+00
2.164939690690061980e-01
-3.067590994009492533e+00
-3.977932935063108744e+00
5.162552360029621923e-01
1.560586308693018509e+00
1.981062333240402040e-01
-2.775516920161749113e+00
-4.745274614970412586e+00
2.204902889043751202e+00
1.239685472668952571e+00
2.043344888734850429e-01
-3.145167502407275606e+00
7.069153719467067276e-01
-1.992771093095143442e+00
1.227456062876171927e+00
2.575626972991926777e-01
-3.868781487043179368e+00
-9.094402109387829114e-01
-9.004896818919405632e-01
1.498792793950997293e+00
2.750857358922758067e-01
-4.007143423844922836e+00
-3.128113946203484375e+00
2.867287184244560194e-02
1.767509345402686449e+00
3.837377907731820414e-01
-5.673225566827341027e+00
-3.520725247209156805e+00
6.164887240511234268e-01
2.194139337108481413e+00
1.589856292698073048e-01
-2.459066999511378526e+00
1.557935720268233126e-01
3.638170989793252375e-01
5.869387747279688483e-01
1.858259074299439817e-02
-2.173459089488005702e-01
-1.829914705202781988e+00
2.278240280521004024e+00
-9.837060195786762051e-02
-3.454780773580523601e-02
7.604570933096965746e-01
-2.084487415470448468e+00
-3.228986208984224504e+00
9.464993344699905720e-01
-1.003644597474249167e-01
1.453147964202230469e+00
1.319275398564968782e+00
-2.920601852010804578e-01
-6.101197613124895724e-01
-3.297348990674890956e-01
5.186337820553717393e+00
-8.309824128339187155e-01
-3.104555027421156410e+00
-5.890925880244139989e-01
-1.980190110966191241e-01
3.102105171381708715e+00
-2.203228528757563254e+00
3.285401719194851466e+00
-1.202680058553596609e+00
-3.362810792103800850e-01
5.108126718823768897e+00
1.546018428422712532e+00
-2.600496347928583418e+00
-1.159410124898386130e+00
-8.183828162367490222e-02
1.482081206299653786e+00
-2.077385415871049190e+00
-2.963439137391560507e+00
6.749398822867078707e-01
6.899080999698981032e-02
-1.078437451564695948e+00
-2.886478142702344485e-01
1.321409561700420454e+00
6.421930359965699608e-02
-3.637302448061063842e-02
4.069151579766412397e-01
1.201261053192183681e+00
2.469483534229766519e+00
-9.260119481318724866e-01
-6.300432867590188835e-03
2.098191977336227865e-02
9.541344648885115021e-01
3.031793964723874524e-01
-2.662678841397791984e-01
2.916174665355697471e-01
-4.407487865952475659e+00
-5.829603814236179460e-01
-1.267388876313361834e+00
1.674419505162859423e+00
1.302986696652510545e-01
-1.930370619464042647e+00
-1.656263696550013265e+00
1.829581831354971655e+00
4.591786820333254582e-01
2.455919899327341227e-01
-3.541274348565934815e+00
-3.397129480503508603e+00
3.245319117445433221e-01
1.618133629252042738e+00
2.458196735236128916e-01
-3.573064644016312741e+00
-3.253715787661803915e+00
9.558478692001699528e-01
1.453746278605194675e+00
9.238102871501041591e-02
-1.200339733306691414e+00
-1.854964603749294838e+00
-3.353116334850710700e+00
1.490013559410726884e+00
7.049877693354460462e-01
-1.064840707452799506e+01
-9.812105425874051434e-01
-8.113719426127772749e+00
5.196612008694501128e+00
1.015664641015519010e-01
-1.447575413533513711e+00
-1.037255476348946104e+00
-1.484787822886119102e+00
9.650819564562880259e-01
-8.058606711313132109e-02
1.468601748535888873e+00
-3.164007240986165925e+00
-3.326104622451566684e-01
2.886456552132585784e-01
9.751415914314520705e-02
-1.445840497272570246e+00
-2.343116119349588189e+00
4.033997902888586395e+00
-4.547766235145900282e-02
-5.095710333160354821e-01
7.906040221855732852e+00
-8.665742283519648481e-01
-1.923816407027516107e+00
-1.624368349874657724e+00
-1.114009334356751424e-01
1.714419703635826409e+00
-1.712818725623037608e+00
4.373162208428311715e+00
-1.158731322082985571e+00
-2.546009709947725241e-01
4.051943478218731798e+00
-1.403802948155089325e+00
-1.659463588424387126e+00
-4.961124740134437161e-01
2.670166075307633946e-02
-2.411431457411481460e-01
-1.729778267284473259e+00
-1.835812455470204441e+00
8.399338138606253779e-01
5.459940173619770576e-02
-1.040786270680769121e+00
3.193264179549032633e+00
-1.094102153506355535e+00
-8.232542211680993205e-02
