5.194174004500382580e-01
-1.062231527900621586e+00
5.428141274360314128e-01
-2.742893765116605209e-02
5.579873122951539699e-02
-2.836979357471136609e-02
5.133006117875993368e-01
-1.049658354823804984e+00
5.363578378419333603e-01
4.397061696517994278e-01
-8.985236848666318110e-01
4.588175152148323832e-01
8.466609714459991665e-01
-1.736995605390802666e+00
8.903346339548079413e-01
1.133981369583125343e+00
-2.333052180630147632e+00
1.199070619830308715e+00
1.168480579103743366e+00
-2.404847918191080680e+00
1.236367339091884787e+00
1.130698969489458250e+00
-2.326219204331209767e+00
1.195520234855393937e+00
5.748546907543641282e-01
-1.176236710239209060e+00
6.013820194802974584e-01
1.135477721890310931e+00
-2.336161813699618506e+00
1.200684091849325341e+00
2.502991890842167777e-01
-5.105424194316583453e-01
2.602432303483510623e-01
1.108380648935963109e+00
-2.279800674235957558e+00
1.171420025304541923e+00
1.728407082377088955e+00
-3.577168094458102132e+00
1.848761346490391588e+00
5.186404270370985614e-01
-1.060634629521700845e+00
5.419942024645933998e-01
5.925244361860677600e-01
-1.212600074241890979e+00
6.200756380630991771e-01
5.702120898122302606e-01
-1.166684544838972215e+00
5.964724550258324598e-01
1.101823050525126746e+00
-2.266165499700036889e+00
1.164342449137620861e+00
1.440113570808534860e+00
-2.971908731342409737e+00
1.531795160542060330e+00
1.065579496974351059e+00
-2.190837597424433625e+00
1.125258100452811050e+00
1.726387835327841458e+00
-3.572918616181596008e+00
1.846534076467833074e+00
1.136515762429553433e+00
-2.338321711918069923e+00
1.201805949489425984e+00
1.197287515889001952e+00
-2.464838120510648878e+00
1.267550604594362085e+00
5.974146894204750424e-01
-1.222665819122994435e+00
6.252511296906959615e-01
5.461345422572776442e-01
-1.117159245145558089e+00
5.710247029010133701e-01
-1.408323309824481839e-01
2.861856982526660431e-01
-1.453533672756748274e-01
6.593548081973494845e-01
-1.350246531496850366e+00
6.908917233013198711e-01
6.226396346428373363e-01
-1.274599362581284367e+00
6.519599698758611339e-01
4.923178922354054521e-01
-1.006547081382450415e+00
5.142291891625063727e-01
8.729217113414051710e-01
-1.791333218743602629e+00
9.184115074085639208e-01
7.651906203145699692e-01
-1.568600546119341743e+00
8.034099257592970389e-01
2.667842580840442679e-01
-5.442539769728682586e-01
2.774697187896890682e-01
9.646924434509855928e-01
-1.981442749887719401e+00
1.016750306411267957e+00
1.436788009192241589e+00
-2.964947530977042334e+00
1.528159521827546996e+00
2.713266952941921772e-01
-5.535449842000161880e-01
2.822182888994575478e-01
9.267359672649035929e-01
-1.902771232370469079e+00
9.760352651546781999e-01
4.002221964610725990e-01
-8.175269323446627823e-01
4.173047359563497594e-01
1.408402345639842679e+00
-2.905548259424904245e+00
1.497145913782333082e+00
7.639689783027279191e-01
-1.566077541188860778e+00
8.021085619029690861e-01
1.374339456954658090e+00
-2.834313582870890968e+00
1.459974125984444981e+00
6.994209904651143006e-01
-1.432855115055645001e+00
7.334341246432813932e-01
9.850732386494200910e-01
-2.023710314627351181e+00
1.038637075947008270e+00
4.206123472085891990e-01
-8.593473808059570729e-01
4.387350336546660401e-01
1.653330067676506587e+00
-3.419208324506143981e+00
1.765878256829637394e+00
3.523156504415965173e-01
-7.193359094626430306e-01
3.670202589810287463e-01
3.742865983858791878e-01
-7.643572422766737873e-01
3.900706439253553981e-01
1.039608653887626133e+00
-2.136894169713741576e+00
1.097285515827934432e+00
1.076749832816858543e+00
-2.214048003862444602e+00
1.137298171089241805e+00
8.458274447821167996e-01
-1.735271170642590732e+00
8.894437259714322863e-01
1.042938290974234405e+00
-2.143808577248819347e+00
1.100870286277313426e+00
1.074618694508899353e+00
-2.209619752486105426e+00
1.135001058110901795e+00
1.007099639759871934e+00
-2.069409196895321656e+00
1.062309557137268712e+00
1.341921216121590987e+00
-2.766564278079385986e+00
1.424643061885944917e+00
1.844857063057133928e+00
-3.822672593045354006e+00
1.977815529879990208e+00
1.036677335353488161e+00
-2.130807345558423549e+00
1.094130010206754378e+00
8.419426090440538246e-01
-1.727235719519740087e+00
8.852931103992887074e-01
1.476449962030528695e+00
-3.048000986128499790e+00
1.571551024164364208e+00
4.641171921039131121e-01
-9.486310023294208804e-01
4.845138101472912240e-01
1.374797930984641425e+00
-2.835272019909098162e+00
1.460474088914452295e+00
-8.080701568451331696e-02
1.643020711853750981e-01
-8.349505541536927922e-02
1.010840282595381723e+00
-2.077172177153443045e+00
1.066331894688119064e+00
1.008881330423719191e+00
-2.073106895918499504e+00
1.064225565480228397e+00
9.782380101742091938e-01
-2.009532555432087975e+00
1.031294545305172505e+00
5.229705887622912996e-01
-1.069534749239210214e+00
5.465641604805568932e-01
6.836535745806031628e-01
-1.400338065822325007e+00
7.166844912544547697e-01
6.827164816950244131e-01
-1.398405953595101892e+00
7.156894718700641533e-01
2.523470591086152126e-01
-5.147296818158793030e-01
2.623826228073085076e-01
9.827424341947335051e-01
-2.018875376492360374e+00
1.036132942295807879e+00
4.431684585852053715e-01
-9.056290976586751640e-01
4.624606392308123759e-01
6.850617345362479682e-01
-1.403241736175914411e+00
7.181800016433044220e-01
3.766088573911474668e-01
-7.691168910896521993e-01
3.925080337157851318e-01
1.510089819243148668e+00
-3.118495910548517713e+00
1.608406091465440113e+00
4.016862547987329890e-01
-8.205294283934563282e-01
4.188431734073674306e-01
1.470540456139133312e+00
-3.035622221299490775e+00
1.565081765268587333e+00
3.808769429570020293e-01
-7.778653431751081371e-01
3.969884002144681290e-01
1.106044753975766071e+00
-2.274943238447121985e+00
1.168898484501369239e+00
4.263052420901658479e-01
-8.710263748353099800e-01
4.447211327506011003e-01
9.239175430975592462e-01
-1.896931730724645604e+00
9.730141877817004570e-01
1.165878981474634202e+00
-2.399431588671177451e+00
1.233552607334786444e+00
9.544440685358495102e-01
-1.960195409886182460e+00
1.005751341356699413e+00
1.104731380371049454e+00
-2.272212857083104609e+00
1.167481476704779197e+00
8.984400408971850993e-01
-1.844161784539210203e+00
9.457217436620339868e-01
5.215170373739965726e-01
-1.066547103601806157e+00
5.450300660331777181e-01
1.116534477704590245e+00
-2.296757267957218573e+00
1.180222790036168590e+00
1.106231637243581645e+00
-2.275332023212286003e+00
1.169100385777710471e+00
4.753468477019850980e-01
-9.716895666169875767e-01
4.963427185266482411e-01
6.036120774688242818e-01
-1.235424102111210232e+00
6.318120249179628445e-01
1.042304001352022169e+00
-2.142491320476437977e+00
1.100187319200813363e+00
1.134988559533667285e+00
-2.335144343155661772e+00
1.200155783612899540e+00
1.106926061826925434e+00
-2.276775965585329686e+00
1.169849904075817904e+00
1.106812903453828767e+00
-2.276540576302068075e+00
1.169727672990120482e+00
1.167819288088139729e+00
-2.403471098336012801e+00
1.235651810216040758e+00
1.133695939375684247e+00
-2.332454657871494419e+00
1.198758718528551981e+00
6.280516504375555087e-01
-1.285750863819885126e+00
6.576992132768282318e-01
5.493272500862076413e-01
-1.123724738503369736e+00
5.743974884126146208e-01
4.957649840353042237e-01
-1.013628574829454010e+00
5.178635908896467299e-01
6.026943638444208773e-01
-1.233534529284952441e+00
6.308401653122928110e-01
1.045284264722795342e+00
-2.148680249510107387e+00
1.103395984809139918e+00
1.681767184631098644e+00
-3.479013566295179771e+00
1.797246381658624159e+00
1.075405524037705618e+00
-2.211244579886624706e+00
1.135834925725248468e+00
1.137982663943148509e+00
-2.341373297001155152e+00
1.203390633022536349e+00
1.577567447957335389e+00
-3.260046926178802096e+00
1.682479478323330113e+00
1.766651976735374774e+00
-3.657737154950154945e+00
1.891085178231151076e+00
1.238412373944811407e+00
-2.550541085661279794e+00
1.312128711624609423e+00
1.132801140872288670e+00
-2.330593199944814842e+00
1.197792059159837663e+00
1.074783518356525747e+00
-2.209962077811724157e+00
1.135178559507949103e+00
1.172879915770863590e+00
-2.414007274631330802e+00
1.241127358795893088e+00
1.722666990486686700e+00
-3.565088309362181462e+00
1.842421318870947289e+00
5.209897846589228720e-01
-1.065463297891255934e+00
5.444735134051370551e-01
7.119710621282138163e-01
-1.458744639170618029e+00
7.467735771479055984e-01
1.070003452137916611e+01
-2.464279330000590562e+01
1.394275877861400659e+01
5.488823036157555180e-01
-1.122809680495265638e+00
5.739273768513157847e-01
-2.252631532519444590e-02
4.582746963933459483e-02
-2.330115433960600058e-02
1.136511049245200411e+00
-2.338311562672060973e+00
1.201800513442321972e+00
1.101631137873482658e+00
-2.265766618813358946e+00
1.164135480717959581e+00
1.163904424711290631e+00
-2.395321294512541499e+00
1.231416872916270222e+00
7.663947914215896162e-01
-1.571087804636590590e+00
8.046930133123169071e-01
1.102270681494701421e+00
-2.267096239064812835e+00
1.164825557618314633e+00
5.759397241326951189e-01
-1.178469314545509405e+00
6.025295903236838058e-01
1.165893802177379257e+00
-2.399462330496135110e+00
1.233568526913586538e+00
2.318787059604619571e+01
-1.082847359592533394e+02
8.509686649882587517e+01
6.544757563542589196e-01
-1.340191734567270032e+00
6.857159783721726853e-01
1.804120212725138117e+00
-3.736724452632188331e+00
1.932604252352575713e+00
1.132751057986752130e+00
-2.330489028191550460e+00
1.197737970214802772e+00
1.196468338531303743e+00
-2.463131909451476531e+00
1.266663571061144467e+00
6.528184027401948697e-01
-1.336776046840896015e+00
6.839576438314907136e-01
1.801736394051658863e+00
-3.731696910547725565e+00
1.929960516472419840e+00
1.133805902793938003e+00
-2.332683594778245606e+00
1.198877698619980947e+00
1.420034456384200894e+00
-2.929884985466742364e+00
1.509850528881543141e+00
7.348297115095192567e-02
-1.496309083349842695e-01
7.614793699303845642e-02
1.381594415353902150e+00
-2.849481629340516520e+00
1.467887212495952554e+00
1.540610262146401510e+00
-3.182495890295285790e+00
1.641885628202544467e+00
4.596192405125293590e+00
-9.804811780591080606e+00
5.208619375485795899e+00
6.003868851503284532e-01
-1.228784388539679640e+00
6.283975029973589699e-01
6.543994311787173501e-01
-1.340034044067579089e+00
6.856345891383170965e-01
1.234229520071494335e+00
-2.541820835016551428e+00
1.307591314881392464e+00
-1.840288824487288366e-01
3.738116804943274474e-01
-1.897827980465081055e-01
1.162626042371812218e+00
-2.392660051452367043e+00
1.230034009107839665e+00
1.042367411256236664e+00
-2.142622690869757207e+00
1.100255279610792059e+00
9.841247724189088331e-01
-2.021742873937910190e+00
1.037618101522639336e+00
1.437748786678639590e+00
-2.966958676428475883e+00
1.529209889653429855e+00
1.344883821332587104e+00
-2.772753803761588642e+00
1.427869982463562337e+00
9.834089960695564514e-01
-2.020257583473721752e+00
1.036848587446002057e+00
1.340773287803131097e+00
-2.764165769276587525e+00
1.423392481492555817e+00
1.016695188001904171e+00
-2.089323674393199326e+00
1.072628486377652735e+00
4.704784821478824597e-01
-9.616925355767307337e-01
4.912140534697755356e-01
1.015573330633742444e+00
-2.086995464414030721e+00
1.071422133788473730e+00
9.338097099634978804e-01
-1.917428608095178788e+00
9.836188981844316004e-01
1.506495101879409049e+00
-3.110960685000463855e+00
1.604465583152887120e+00
1.543307634806296846e+00
-3.188154343640235311e+00
1.644846708808472613e+00
1.541179135466336447e+00
-3.183689275838332833e+00
1.642510140402919205e+00
1.468592485260160174e+00
-3.031541038845716685e+00
1.562948553520072892e+00
1.570785349582365598e+00
-3.245810345426434651e+00
1.675024995844978548e+00
9.838231157882546540e-01
-2.021116520536452299e+00
1.037293404608135461e+00
8.683068677391929668e-01
-1.781782447164914629e+00
9.134755797203979455e-01
2.795397923727250600e+00
-5.849034708252474957e+00
3.053636784569789597e+00
1.104340389145363588e+00
-2.271399659670350957e+00
1.167059270634126733e+00
4.236292238501846441e-01
-8.655363005100298324e-01
4.419070763315176009e-01
1.804115629834086576e+00
-3.736715324596843857e+00
1.932599694568125415e+00
5.198896595493351924e-01
-1.063202117733453633e+00
5.433124581495576422e-01
1.105044024183371221e+00
-2.272862932097268640e+00
1.167818907982109522e+00
4.712075136849307455e-01
-9.631896652417708538e-01
4.919821515659350553e-01
1.540637517376126198e+00
-3.182553129107873247e+00
1.641915611711738165e+00
4.733905915973082301e-01
-9.676724272976571228e-01
4.942818356794305146e-01
