3.305257829687207050e-01
-4.823528799105474718e+00
-4.250065772049083535e+00
1.858501102874470234e+00
1.799391927407214098e+00
2.070660481068102854e-01
-3.125551325700371308e+00
-1.513106121279179206e+00
2.213773142892023316e+00
6.812756370927672833e-01
9.232474111507826819e-02
-1.125143592807035020e+00
-4.125833249800052727e+00
1.068006152022462629e-01
1.118171827358764858e+00
-5.663074870147966067e-02
1.158350558981965150e+00
-2.916771560420102105e+00
-3.388915009256379562e+00
1.038652497000839503e+00
2.168743022205035231e-01
-3.190765480520894926e+00
-2.418899636916648888e+00
1.424413201428251341e+00
1.062795418238238199e+00
8.910753710426888574e-02
-1.189532815557754475e+00
-3.057800825240292397e+00
1.564800732147432427e+00
5.863083357871801127e-01
8.331149118157554767e-02
-1.437420834448744245e+00
1.279374577012504233e+00
2.601299627265234449e+00
-4.457069261920878489e-01
-2.973590541728299286e-04
-1.630608497291632375e-01
6.936580474471156776e-01
4.247967060212431534e+00
-1.069086857152797165e+00
2.084714965744751680e-01
-3.148009447775393710e+00
-1.517366259826076202e+00
2.256122074310496828e+00
6.788100155617939890e-01
1.816206793528749586e-01
-2.539323311120142534e+00
-4.042028750120152836e+00
1.561227491764839215e+00
1.169254723216909042e+00
-1.001023686291091508e-01
2.005137034459721690e+00
-5.619071158462247695e+00
-3.267065750935216784e+00
1.313357266002640245e+00
2.970655902017824701e-01
-4.325302229952171729e+00
-3.565958736638322080e+00
7.262453313446712855e-01
1.779872024151700316e+00
-5.452126398872678692e-01
8.353884576232758263e+00
-6.442495387084363756e-01
-1.284285470396753226e+00
-1.897101876143096888e+00
3.226380284978063173e-01
-4.798824949754589397e+00
-2.149854449157373892e+00
-2.154636662589837215e-02
1.806084106515299936e+00
3.012836675631547223e-01
-4.626372690097014129e+00
-1.386045371610634902e+00
3.740492707445810083e+00
7.361791601779259508e-01
-1.878683411010229065e-01
3.042791183049757819e+00
-3.337485463274333597e+00
2.071818365839135367e+00
-6.676412190895462118e-01
-1.570735747937987981e-01
2.866413765107722611e+00
-5.704306564912030808e+00
-2.777073484206994181e+00
9.752035723990957194e-01
1.546329101869901024e-01
-2.099780833787463052e+00
-3.265380977803033602e+00
-1.444974952470147400e+00
1.582843253727787669e+00
2.141111936153379247e-01
-3.054256871187135403e+00
-4.124991382508142124e+00
2.356929705542370357e+00
1.149959834350738674e+00
-6.195709238681956776e-03
-1.774055626196968660e-02
1.134389181422420734e+00
1.155038800826787337e+00
-4.867214844566660759e-01
2.327494116216826114e-01
-3.335065208266541958e+00
-2.856007064245886795e+00
-1.184116020205692621e+00
1.794538832641592307e+00
4.212354521428665066e-01
-6.609441460347625252e+00
2.091038481066789245e-01
4.403529791306937113e+00
8.402237479090217676e-01
1.460479855854828202e-01
-1.975187484184630193e+00
-3.987746662188101254e+00
7.432887991781171877e-01
1.185852146058550716e+00
2.392341792887009433e-01
-3.225001589503335708e+00
-6.046895003291183457e+00
-7.417233552728248469e-01
2.300536428821487789e+00
3.363231435338320807e-02
-2.956298302733557648e-01
-2.255555654008958300e+00
-2.260635307396569260e+00
1.056121827836705052e+00
4.183431433597775140e-01
-6.140494601232148852e+00
-4.296324582732950148e+00
5.474562152112412150e-01
2.493347098321464728e+00
1.477675250385459549e-01
-2.396054883717170014e+00
-5.265874959491156915e-02
4.935056619408442202e+00
-4.438377185542776715e-01
2.911318988682864983e-01
-4.332633843172516208e+00
-1.478196657025591776e+00
-1.098714802959420922e+00
1.786526796358884894e+00
6.149150299269194875e-01
-8.860882800036620210e+00
-7.920502109878725605e+00
-2.440478866825742443e+00
4.712656141992738412e+00
2.503346555060375067e-01
-3.560422471844958636e+00
-4.827603918072782108e+00
2.289643482147766917e+00
1.451647859747481561e+00
5.263605229200152280e-01
-7.712583640832690435e+00
-4.944941166555281598e+00
-1.561265723049928056e+00
3.571065265246943454e+00
4.297510260219041811e-01
-6.255294127184811259e+00
-4.205623830854619882e+00
-2.082849030133729684e+00
3.118043711744121538e+00
4.622804113345182486e-01
-6.949252801696502502e+00
-2.716806949660167447e+00
1.261404327320178709e+00
2.247257655728390091e+00
5.836810567543011530e-01
-8.698738808218990926e+00
-4.653449621207983000e+00
1.406246227583324071e+00
3.114335967333772714e+00
2.995574354967516228e-01
-4.368135632803159751e+00
-3.872354201443840793e+00
1.689642645061667281e+00
1.631154619183234900e+00
4.838760164277573494e-01
-7.223464180544510782e+00
-2.900272179301737197e+00
-5.266969041012998787e-01
2.777693563041793823e+00
5.901376873740673545e-01
-8.821884906291188599e+00
-3.868942820370421032e+00
2.025870720071907272e-01
3.271520575583053869e+00
8.581078906092898251e-02
-1.111684450236111843e+00
-2.702347801681753481e+00
-3.851026992474544386e-01
9.432054569865613303e-01
9.050755606798475128e-01
-1.372407265526476294e+01
-4.878380436589850433e+00
2.573379729793487058e+00
4.382155357533520146e+00
3.437693052543409067e-01
-4.998515757826339723e+00
-3.481923486910773136e+00
-1.278912388653679955e+00
2.421574332632644655e+00
4.323094709039878580e-01
-6.229788316005283377e+00
-5.203951622988142844e+00
-1.922261968667953624e+00
3.273929002494696761e+00
5.737190553433038076e-01
-8.654726625784746830e+00
-2.844954961109124270e+00
8.083950786876812344e-01
2.876827133534334280e+00
5.550859221134487598e-01
-8.463170014315210210e+00
-1.694823460239376800e+00
1.421150710442361742e+00
2.448735077661694959e+00
5.087286373284314323e-01
-7.388600416075860267e+00
-5.479325047219163025e+00
-2.113377498892532458e+00
3.711931163598364947e+00
6.973629115805124457e-01
-1.060370334290121264e+01
-2.460800040204503603e+00
8.139046531837266230e-01
3.373462326937897160e+00
4.479354845976217803e-01
-6.731100910329814724e+00
-3.629110693679422184e+00
3.739802627949302405e+00
1.794777545802844543e+00
6.588316684099595477e-01
-9.838205492624751969e+00
-3.856960799797661821e+00
-1.829419529800361488e+00
4.040064312325739593e+00
5.590276180392379501e-01
-8.429785002961352802e+00
-3.136252934830281447e+00
1.687818593400152167e+00
2.665855854535038816e+00
5.516022612272877268e-01
-8.550794282207334618e+00
-1.257385175883882766e-01
2.523217364317588363e+00
1.906759618324940675e+00
3.224833858112106100e-01
-4.687034636797875464e+00
-3.186531695110716100e+00
-1.431449702782629174e+00
2.307645028729893966e+00
4.898306212404008875e-01
-7.281519176170036189e+00
-3.471044389791586582e+00
-3.006677345229036291e-01
2.856694444001277589e+00
3.555218857069348815e-01
-5.263437145997841071e+00
-3.975418978580592011e+00
3.149887833236334700e+00
1.573875287831469905e+00
6.504651398736882584e-01
-9.845098007301771759e+00
-3.207582152955865240e+00
1.702362293681289884e+00
3.093355183275434683e+00
6.048682078253477812e-01
-8.741945767428546787e+00
-7.640867650911332021e+00
-1.706185753057070542e+00
4.450362392441547854e+00
8.988203584142411273e-01
-1.358235150369694111e+01
-4.465105513340404286e+00
-1.958749750961032987e-01
4.897983645986187184e+00
6.306971081920664801e-01
-9.786898971461710062e+00
-9.877029876113283535e-01
5.025618361108627141e+00
1.866001359327128739e+00
5.808943702425040101e-01
-8.737110782605896020e+00
-3.360237752034663572e+00
1.080529553854375990e+00
2.941372577717629611e+00
6.387765348515017649e-01
-9.534832227725246412e+00
-4.127349051675537339e+00
-7.498816348002037557e-01
3.754187010247278522e+00
5.003907526166244679e-01
-7.351469703386555921e+00
-5.514573494570868206e+00
1.541342542126585613e+00
2.861308152605033683e+00
4.079757853857017835e-01
-6.081972349845841563e+00
-2.540427658458156657e+00
-2.567753213293144654e-01
2.310526996148837497e+00
4.954714806432889418e-01
-7.619836167905418733e+00
-8.582063892640690028e-01
2.199092426345032436e+00
1.855058711293622764e+00
6.326877129655485987e-01
-9.435181935047808111e+00
-5.061866674664315724e+00
1.547339548020318034e+00
3.380583609330187755e+00
7.484360795377256181e-01
-1.127393761152370644e+01
-3.776071139308214697e+00
-4.632972600093125948e-01
4.132129097001325135e+00
5.084554145325341779e-01
-7.680612846441931651e+00
-2.030805375512500177e+00
6.338203870291181374e-02
2.600623307647310867e+00
8.749964842911595042e-01
-1.322430561787109582e+01
-4.902341671294152547e+00
1.545599155812851677e+00
4.474945620388098178e+00
6.318829522830924361e-01
-9.629068348676582900e+00
-2.550817143164977097e+00
2.684824662609116785e+00
2.671142959800818062e+00
5.801513872830241780e-01
-8.804196590411493162e+00
-3.237239605391323494e+00
3.659023569124656206e+00
2.341243816608312045e+00
5.510616331548021662e-01
-8.228490438060021006e+00
-4.187181602116879731e+00
1.530469327608443564e+00
2.853927043363000848e+00
6.771367121751268314e-01
-1.007264470782297394e+01
-6.369636456769512733e+00
2.914715087503736868e+00
3.516037638896250428e+00
3.527539198234990181e-01
-5.140468749515662239e+00
-4.166573362534336411e+00
6.799176062904734863e-01
2.146531769541070389e+00
5.717091359394430583e-01
-8.624937980068125398e+00
-2.824575859008973566e+00
8.074121270760770130e-01
2.864219919639708678e+00
5.213916677608381178e-01
-7.728235244765301104e+00
-4.939892180299239044e+00
1.976927980251275585e+00
2.755366067781324091e+00
4.863189618789078850e-01
-7.260027449405924926e+00
-2.912279613222153785e+00
-5.415115393420819601e-01
2.794206724444848078e+00
5.430943285188618574e-01
-8.137743050661924826e+00
-3.615109797587365392e+00
1.261343185651185195e+00
2.774749398577569082e+00
5.600112048988421520e-01
-8.590491020947752077e+00
-2.126138845993637005e+00
4.384408145575434901e+00
1.889113869631728448e+00
5.672389112618816398e-01
-8.450756415953151190e+00
-3.812926815061246089e+00
-5.558615702316274110e-01
3.326931037969188765e+00
3.252736885084459573e-01
-4.838871218986469103e+00
-2.533347229235914710e+00
9.725533103546695202e-01
1.664593183521901665e+00
5.280720579152102800e-01
-8.030619306577136740e+00
-1.585700496896834011e+00
6.170366718579316512e-01
2.485974124998392654e+00
6.591557402358603213e-01
-9.726298622090212120e+00
-6.692587395687496610e+00
1.252274182977089367e+00
3.863098911946053704e+00
7.103683455193277041e-01
-1.063310104555228008e+01
-5.572817968956769619e+00
2.478779393818058452e+00
3.622132367752783466e+00
5.680692446543389451e-01
-8.407855727570790805e+00
-5.179940270527140456e+00
9.499831789808013127e-01
3.240231278264673165e+00
5.342134723751428282e-01
-7.858367146222235533e+00
-6.183109589881269130e+00
2.624682579857562814e+00
2.893889183480951033e+00
5.798233585174443760e-01
-8.847583411642631290e+00
-6.679013343232327315e-01
-1.336447215052885440e+00
2.994735039879287797e+00
3.987691343924666398e-01
-5.999614402723182138e+00
-1.507826260556612397e+00
-7.538875994014233584e-01
2.195179267912408250e+00
4.157248331671894448e-01
-6.133496393817381431e+00
-3.700856307585127070e+00
2.422866485153463145e-01
2.442468682948401693e+00
5.234994503992993486e-01
-7.787291518426059156e+00
-4.103511398425098378e+00
7.849909406645565468e-01
2.880214219201207015e+00
2.670486274732866150e-01
-4.053380854636657205e+00
-7.901079136318003293e-01
5.255765633532973879e-01
1.193093212942585524e+00
2.471473607846519371e-01
-3.640342032132934946e+00
-3.052475672235914317e+00
2.475150716775260662e+00
1.076339104402904923e+00
2.095156099250630177e-01
-2.931063233732743356e+00
-3.006604296550676736e+00
-2.606332097577706008e+00
2.038344472137850971e+00
2.659307653341898003e-01
-4.036555390059675119e+00
-7.867392630282665777e-01
5.307369760330402642e-01
1.186384788203667995e+00
1.019778704911686873e-01
-1.351366882328761676e+00
-2.280608923923409748e+00
-1.828792628746668925e+00
1.261204461536181043e+00
2.775213749718545841e-01
-4.063576546174999748e+00
-4.240131894940759594e+00
3.880108690005727112e+00
1.112403112245829107e+00
1.485323197976526899e-01
-2.176044579073050045e+00
-7.827666597629558964e-01
-1.627049482545771752e+00
1.150831988513800752e+00
4.875774439259430437e-01
-7.144588385902466143e+00
-4.445463237204876350e+00
-1.634067082014553307e+00
3.321399894433398003e+00
6.503784130535450458e-01
-9.920551999577469360e+00
-2.168136545595643838e+00
1.834508339610238181e+00
2.876852654582762625e+00
5.181855413125049381e-01
-7.982809374469638897e+00
-9.884661894352575473e-01
2.943399368321024667e+00
1.815600583563082182e+00
5.443491087252709804e-01
-8.327276684894286518e+00
-1.154449143284182355e+00
1.133178242127542035e+00
2.367412084375700942e+00
4.305789422287489288e-01
-6.506870529700336192e+00
-1.182786846546605375e+00
-1.035052872698543069e+00
2.342882495066987758e+00
2.702912910864938567e-01
-4.039943487143091261e+00
-2.253154835968189218e+00
2.012912501114442421e+00
1.138051262870249047e+00
3.821385245026931443e-01
-5.604935644933107142e+00
-3.929060166635508722e+00
4.717846260373335099e-01
2.281633955582492490e+00
4.098326920451427213e-01
-6.051255929766284680e+00
-3.963705965370991180e+00
1.265066901138652611e+00
2.234810545999152964e+00
3.140885748767914265e-01
-4.521142595853575585e+00
-3.093771961062657283e+00
-3.134826201328451134e+00
2.636390399568881548e+00
9.603434141642992472e-01
-1.450521832859499227e+01
-2.495343060079221686e+00
-7.712914137259758718e+00
6.533476301270184194e+00
3.784926387248788160e-01
-5.612917660115499530e+00
-2.423081918144362135e+00
-1.104901944591347274e+00
2.347246378525596811e+00
3.540345453341728899e-01
-5.129577023928277413e+00
-4.705134329240081570e+00
9.347489814626896987e-01
2.192529306536926015e+00
5.166735973182312591e-01
-7.795811936698214595e+00
-4.046009772194338439e+00
4.814952965322390810e+00
1.941666064261426072e+00
6.397210853134538411e-02
-7.430570747566207501e-01
-2.883677928860379325e+00
-1.208165605902649986e+00
1.064988007152805949e+00
5.166884476515747338e-01
-7.797239651564837004e+00
-4.040788619443219432e+00
4.843673248499271722e+00
1.934434354284803703e+00
3.530352303375821066e-01
-5.171942833901653103e+00
-3.295888998375858137e+00
-6.011688725134263223e-01
2.277508662987202115e+00
5.430881756591929843e-01
-8.059937689908679204e+00
-3.762923274530066919e+00
-1.325875725560763385e+00
3.380774267288870760e+00
6.000034738545991786e-01
-9.316106338399436027e+00
1.067671483443746183e+00
-1.397127334021206480e-01
2.509048889497535129e+00
