# Mon Jun 16 14:26:37 2025
# Output created from within /home/haue/repositories/Masters/build with the following command
# ./angle_effect/EnergyEstimation -s ../setup/setup.json -t ../setup/target.json -d U1,U2,U3,U6 -E 385.72,904.02,1843.18,2076.74,2217.45 -i 17.0 
# Setup:               ../setup/setup.json
# Target:              ../setup/target.json
# Source point:        (0, 0, -0.500054)
# Radius of source:    1e-06
# Number of iteraitons:100000
# Energies (keV):      385.72 904.02 1843.18 2076.74 2217.45 
# Detector=U1	front strips 2..15
375.986 897.887 1839.36 2073.19 2214.04 #Strip 2
376.155 897.995 1839.42 2073.24 2214.09 #Strip 3
376.226 898.052 1839.48 2073.29 2214.14 #Strip 4
376.311 898.111 1839.5 2073.31 2214.17 #Strip 5
376.304 898.109 1839.51 2073.32 2214.17 #Strip 6
376.253 898.072 1839.49 2073.31 2214.15 #Strip 7
376.144 898.008 1839.46 2073.27 2214.12 #Strip 8
375.95 897.907 1839.38 2073.21 2214.06 #Strip 9
375.683 897.73 1839.28 2073.12 2213.98 #Strip 10
375.348 897.512 1839.16 2073 2213.86 #Strip 11
374.869 897.244 1838.99 2072.84 2213.7 #Strip 12
374.251 896.897 1838.77 2072.65 2213.51 #Strip 13
373.457 896.423 1838.5 2072.38 2213.29 #Strip 14
372.476 895.852 1838.14 2072.06 2212.96 #Strip 15
# Detector=U1	back strips 2..15
374.696 897.155 1838.89 2072.76 2213.66 #Strip 2
374.929 897.302 1838.99 2072.85 2213.73 #Strip 3
375.169 897.457 1839.1 2072.96 2213.83 #Strip 4
375.398 897.569 1839.17 2073.01 2213.89 #Strip 5
375.593 897.691 1839.25 2073.09 2213.92 #Strip 6
375.574 897.742 1839.28 2073.14 2213.97 #Strip 7
375.707 897.766 1839.3 2073.15 2213.98 #Strip 8
375.655 897.72 1839.31 2073.15 2213.99 #Strip 9
375.661 897.755 1839.27 2073.11 2213.96 #Strip 10
375.56 897.647 1839.25 2073.08 2213.92 #Strip 11
375.447 897.561 1839.17 2073.03 2213.9 #Strip 12
375.159 897.461 1839.11 2072.95 2213.79 #Strip 13
374.937 897.318 1839.03 2072.89 2213.73 #Strip 14
374.681 897.129 1838.93 2072.81 2213.66 #Strip 15
# Detector=U2	front strips 2..15
340.256 877.538 1827.24 2061.96 2203.23 #Strip 2
345.948 880.64 1829.05 2063.72 2204.93 #Strip 3
350.197 883.059 1830.53 2065.06 2206.23 #Strip 4
353.605 885.044 1831.69 2066.05 2207.19 #Strip 5
356.192 886.497 1832.58 2066.87 2208.01 #Strip 6
358.303 887.682 1833.27 2067.57 2208.62 #Strip 7
359.963 888.621 1833.84 2068.08 2209.12 #Strip 8
361.188 889.386 1834.27 2068.47 2209.52 #Strip 9
362.222 889.965 1834.61 2068.79 2209.85 #Strip 10
363.024 890.383 1834.88 2069.04 2210.07 #Strip 11
363.593 890.698 1835.07 2069.22 2210.25 #Strip 12
363.965 890.945 1835.2 2069.35 2210.36 #Strip 13
364.314 891.068 1835.27 2069.43 2210.42 #Strip 14
364.386 891.161 1835.34 2069.46 2210.46 #Strip 15
# Detector=U2	back strips 2..15
355.238 886.124 1832.29 2066.68 2207.74 #Strip 2
355.949 886.415 1832.38 2066.93 2208.05 #Strip 3
357.053 887.067 1832.81 2067.09 2208.2 #Strip 4
357.602 886.993 1833 2067.33 2208.25 #Strip 5
357.667 887.293 1833.12 2067.29 2208.37 #Strip 6
358.246 887.418 1833.19 2067.55 2208.7 #Strip 7
357.988 887.57 1833.3 2067.46 2208.48 #Strip 8
358.315 887.773 1833.41 2067.56 2208.66 #Strip 9
358.037 887.609 1833.22 2067.54 2208.54 #Strip 10
357.681 887.42 1833.08 2067.4 2208.49 #Strip 11
357.375 887.301 1833.06 2067.4 2208.4 #Strip 12
356.98 886.784 1832.82 2067.1 2208.21 #Strip 13
356.394 886.278 1832.42 2066.76 2207.98 #Strip 14
355.744 886.028 1832.24 2066.51 2207.71 #Strip 15
# Detector=U3	front strips 2..15
364.348 891.146 1835.33 2069.47 2210.47 #Strip 2
364.223 891.097 1835.29 2069.42 2210.42 #Strip 3
363.983 890.934 1835.2 2069.34 2210.36 #Strip 4
363.594 890.708 1835.08 2069.22 2210.24 #Strip 5
362.983 890.374 1834.9 2069.03 2210.08 #Strip 6
362.24 889.93 1834.6 2068.81 2209.83 #Strip 7
361.284 889.355 1834.29 2068.48 2209.51 #Strip 8
359.912 888.61 1833.8 2068.07 2209.13 #Strip 9
358.256 887.661 1833.25 2067.54 2208.64 #Strip 10
356.17 886.516 1832.57 2066.88 2208.02 #Strip 11
353.653 885.034 1831.66 2066.07 2207.2 #Strip 12
350.318 883.169 1830.55 2065.02 2206.19 #Strip 13
346.059 880.699 1829.1 2063.68 2204.92 #Strip 14
340.482 877.483 1827.2 2061.94 2203.28 #Strip 15
# Detector=U3	back strips 2..15
355.125 885.733 1832.19 2066.65 2207.77 #Strip 2
355.868 886.358 1832.47 2066.78 2207.92 #Strip 3
357.208 886.775 1832.84 2067.23 2208.25 #Strip 4
357.361 887.428 1832.91 2067.38 2208.41 #Strip 5
357.981 887.476 1833.05 2067.37 2208.46 #Strip 6
358.267 887.59 1833.26 2067.56 2208.7 #Strip 7
358.083 887.613 1833.24 2067.53 2208.66 #Strip 8
357.91 887.632 1833.3 2067.58 2208.77 #Strip 9
358.037 887.313 1833.33 2067.51 2208.38 #Strip 10
358.206 887.38 1833.11 2067.53 2208.63 #Strip 11
357.434 887.03 1833.03 2067.37 2208.36 #Strip 12
356.852 886.885 1832.63 2067.16 2208.21 #Strip 13
356.669 886.405 1832.63 2066.9 2207.98 #Strip 14
355.535 886.224 1832.19 2066.52 2207.75 #Strip 15
# Detector=U6	front strips 2..15
373.211 896.296 1838.4 2072.33 2213.15 #Strip 2
373.278 896.351 1838.43 2072.3 2213.21 #Strip 3
373.176 896.266 1838.4 2072.31 2213.17 #Strip 4
371.235 894.09 1837.71 2071.43 2212.46 #Strip 5
365.7 891.612 1835.69 2069.56 2210.37 #Strip 6
359.266 886.902 1833.02 2067.45 2209.1 #Strip 7
355.212 885.576 1832.47 2065.86 2207.26 #Strip 8
349.565 882.405 1830.17 2064.4 2206.54 #Strip 9
345.512 879.942 1829.23 2063.82 2205.14 #Strip 10
344.249 878.874 1828.49 2062.6 2204.24 #Strip 11
341.638 878.382 1827.75 2061.67 2203.45 #Strip 12
339.59 877.157 1826.69 2062.13 2203.14 #Strip 13
341.464 877.985 1827.36 2062.3 2203.24 #Strip 14
342.021 878.494 1827.81 2062.5 2203.86 #Strip 15
# Detector=U6	back strips 2..15
373.114 896.2 1838.39 2072.25 2213.19 #Strip 2
373.124 896.204 1838.39 2072.28 2213.18 #Strip 3
373.21 896.225 1838.35 2072.33 2213.19 #Strip 4
370.614 894.68 1837.65 2071.55 2212.62 #Strip 5
365.771 891.638 1835.93 2069.83 2210.65 #Strip 6
360.407 887.994 1833.8 2067.76 2208.76 #Strip 7
356.612 885.169 1831.93 2066.3 2207.53 #Strip 8
349.446 882.428 1830.24 2064.32 2206.43 #Strip 9
347.01 880.244 1829.26 2063.82 2205.55 #Strip 10
342.923 879.384 1828.12 2062.94 2204.06 #Strip 11
340.404 878.497 1827.62 2062.5 2203.22 #Strip 12
339.334 877.291 1826.7 2061.64 2203.22 #Strip 13
341.583 877.481 1827.29 2062.37 2203.44 #Strip 14
342.262 878.63 1827.9 2062.49 2203.98 #Strip 15
