# Mon Jun 30 11:33:55 2025
# Output created from within /home/haue/repositories/Masters/setup with the following command
# TDZ -dU4,P4 -i45 --threshold=350 
# Setup: setup.json
# Target: target.json
# Telescope Tabulation for p implanted 45 nm into [-Carbon-] target of thickness 142.033 nm and traversing U4:P4 telescope.
# Properties of U4:	threshold= 100 keV	fdlF=      0.1 um	ft=         300 um	fdlB=       0.5 um.
# Properties of P4:	threshold= 350 keV	bdlF=       0.5 um	bt=         1458 um.
# v	Edep_max	Eparticle_dz_lower	Eparticle_dz_upper	Edep_dz_lower	Eparticle_spurious_lower
0.682191	7070.93	7072.93	7124.67	6687.07	6689.22	
0.649349	6966.88	6968.85	7020.87	6585.39	6587.52	
0.6173	6873.17	6875.12	6927.41	6493.84	6495.93	
0.58693	6790.98	6792.9	6845.47	6413.52	6415.6	
0.55932	6721.47	6723.38	6776.19	6345.63	6347.68	
0.5357	6665.74	6667.63	6720.65	6291.22	6293.26	
0.51736	6624.71	6626.6	6679.79	6251.13	6253.16	
0.505474	6599.15	6601.03	6654.32	6226.17	6228.2	
0.500904	6589.52	6591.4	6644.74	6216.77	6218.8	
0.504	6596.03	6597.91	6651.22	6223.13	6225.16	
0.514523	6618.54	6620.43	6673.64	6245.1	6247.13	
0.531699	6656.62	6658.52	6711.57	6282.31	6284.35	
0.554397	6709.58	6711.48	6764.33	6334.02	6336.08	
0.581334	6776.5	6778.42	6831.03	6399.37	6401.45	
0.61126	6856.33	6858.27	6910.62	6477.38	6479.47	
0.64306	6947.9	6949.87	7001.94	6566.85	6568.96	
0.652593	6976.79	6978.79	7030.78	6595.1	6597.26	
0.615808	6868.99	6870.96	6923.27	6489.78	6491.91	
0.579451	6771.67	6773.62	6826.25	6394.69	6396.79	
0.544513	6686.14	6688.07	6741.01	6311.18	6313.26	
0.512266	6613.66	6615.58	6668.81	6240.36	6242.43	
0.484253	6555.42	6557.32	6610.81	6183.5	6185.56	
0.462184	6512.49	6514.39	6568.07	6141.6	6143.64	
0.447716	6485.71	6487.59	6541.41	6115.45	6117.49	
0.442114	6475.62	6477.51	6531.37	6105.6	6107.63	
0.445912	6482.44	6484.33	6538.16	6112.26	6114.3	
0.458744	6506.02	6507.92	6561.64	6135.29	6137.33	
0.479464	6545.89	6547.79	6601.32	6174.19	6176.24	
0.506462	6601.24	6603.15	6656.44	6228.24	6230.31	
0.538017	6671.06	6672.99	6725.98	6296.45	6298.53	
0.572543	6754.16	6756.1	6808.8	6377.58	6379.68	
0.608711	6849.29	6851.26	6903.63	6470.54	6472.66	
0.624523	6893.65	6895.66	6947.89	6513.91	6516.08	
0.583599	6782.33	6784.32	6836.92	6405.14	6407.29	
0.542587	6681.64	6683.61	6736.56	6306.82	6308.94	
0.502536	6592.95	6594.89	6648.21	6220.18	6222.28	
0.464889	6517.62	6519.55	6573.21	6146.63	6148.71	
0.431531	6456.99	6458.9	6512.86	6087.44	6089.5	
0.404728	6412.25	6414.15	6468.32	6043.77	6045.83	
0.386858	6384.31	6386.22	6440.52	6016.49	6018.54	
0.379867	6373.79	6375.69	6430.05	6006.2	6008.25	
0.38461	6380.91	6382.81	6437.13	6013.16	6015.2	
0.400502	6405.51	6407.41	6461.61	6037.19	6039.24	
0.425757	6447.06	6448.97	6502.97	6077.74	6079.81	
0.458032	6504.7	6506.62	6560.34	6134.02	6136.1	
0.495009	6577.28	6579.22	6632.61	6204.88	6206.98	
0.534721	6663.5	6665.46	6718.48	6289.09	6291.21	
0.575641	6761.97	6763.96	6816.62	6385.25	6387.39	
0.598887	6822.6	6824.64	6877.09	6444.53	6446.73	
0.553797	6708.14	6710.15	6763	6332.72	6334.89	
0.507941	6604.39	6606.37	6659.64	6231.39	6233.53	
0.462347	6512.8	6514.76	6568.45	6141.97	6144.09	
0.418547	6434.88	6436.83	6490.89	6065.9	6068	
0.37873	6372.1	6374.04	6428.4	6004.59	6006.67	
0.345834	6325.73	6327.65	6382.24	5959.29	5961.37	
0.323327	6296.78	6298.69	6353.41	5931	5933.07	
0.314372	6285.86	6287.77	6342.54	5920.35	5922.42	
0.320458	6293.24	6295.15	6349.89	5927.55	5929.62	
0.340557	6318.74	6320.66	6375.28	5952.47	5954.54	
0.371719	6361.81	6363.74	6418.15	5994.53	5996.62	
0.410448	6421.51	6423.45	6477.58	6052.85	6054.95	
0.453672	6496.6	6498.56	6552.33	6126.16	6128.28	
0.499057	6585.67	6587.65	6641	6213.11	6215.25	
0.544956	6687.18	6689.18	6742.11	6312.27	6314.43	
0.576709	6764.68	6766.75	6819.4	6387.98	6390.2	
0.527675	6647.55	6649.58	6702.67	6273.58	6275.78	
0.477068	6541.16	6543.18	6596.73	6169.69	6171.86	
0.42578	6447.1	6449.09	6503.09	6077.86	6080.01	
0.375261	6366.98	6368.96	6423.34	5999.63	6001.76	
0.327821	6302.38	6304.33	6359.03	5936.52	5938.63	
0.28703	6254.66	6256.61	6311.49	5889.95	5892.05	
0.25792	6224.86	6226.81	6281.79	5860.79	5862.9	
0.245977	6213.63	6215.57	6270.6	5849.77	5851.87	
0.254119	6221.22	6223.17	6278.17	5857.23	5859.33	
0.280307	6247.47	6249.42	6304.32	5882.93	5885.03	
0.31927	6291.79	6293.74	6348.48	5926.18	5928.28	
0.365748	6353.22	6355.19	6409.65	5986.19	5988.31	
0.415885	6430.45	6432.44	6486.52	6061.62	6063.76	
0.467159	6521.95	6523.95	6577.6	6150.94	6153.1	
0.517981	6626.07	6628.1	6681.28	6252.59	6254.79	
0.559051	6720.82	6722.92	6775.73	6345.18	6347.45	
0.506619	6601.58	6603.65	6656.93	6228.73	6230.97	
0.451778	6493.12	6495.17	6548.95	6122.85	6125.06	
0.395164	6397.11	6399.14	6453.38	6029.11	6031.3	
0.337909	6315.28	6317.29	6371.92	5949.17	5951.33	
0.282026	6249.29	6251.29	6306.18	5884.75	5886.9	
0.231214	6200.53	6202.51	6257.61	5836.94	5839.08	
0.192227	6170.06	6172.03	6227.26	5806.99	5809.11	
0.175172	6158.58	6160.54	6215.81	5795.77	5797.89	
0.186882	6166.35	6168.31	6223.55	5803.35	5805.47	
0.222467	6193.18	6195.15	6250.28	5829.7	5831.84	
0.271639	6238.47	6240.47	6295.4	5874.17	5876.33	
0.326902	6301.23	6303.23	6357.93	5935.44	5937.59	
0.384086	6380.11	6382.14	6436.46	6012.5	6014.69	
0.440932	6473.51	6475.55	6529.43	6103.7	6105.9	
0.496178	6579.69	6581.76	6635.14	6207.37	6209.6	
0.546896	6691.74	6693.89	6746.8	6316.86	6319.18	
0.491979	6571.06	6573.18	6626.6	6198.99	6201.28	
0.433948	6461.19	6463.29	6517.22	6091.72	6093.98	
0.373139	6363.88	6365.95	6420.35	5996.69	5998.93	
0.310201	6280.9	6282.95	6337.73	5915.65	5917.86	
0.246356	6213.97	6216.02	6271.05	5850.21	5852.41	
0.184178	6164.51	6166.52	6221.77	5801.61	5803.78	
0.130255	6133.61	6135.61	6190.94	5771.55	5773.72	
0.102612	6121.96	6123.96	6179.33	5760.22	5762.38	
0.122003	6129.83	6131.84	6187.18	5767.89	5770.05	
0.172762	6157.05	6159.06	6214.33	5794.33	5796.5	
0.234072	6203	6205.03	6260.11	5839.42	5841.61	
0.297861	6266.65	6268.69	6323.53	5901.74	5903.95	
0.361096	6346.64	6348.71	6403.19	5979.86	5982.09	
0.42238	6441.32	6443.41	6497.44	6072.32	6074.58	
0.480983	6548.9	6551.01	6604.53	6177.34	6179.63	
0.541005	6677.96	6680.17	6733.14	6303.47	6305.85	
0.484837	6556.59	6558.77	6612.25	6184.92	6187.27	
0.425166	6446.05	6448.2	6502.21	6077	6079.32	
0.362135	6348.1	6350.23	6404.71	5981.34	5983.64	
0.296027	6264.58	6266.69	6321.53	5899.79	5902.06	
0.227304	6197.21	6199.3	6254.4	5833.78	5836.03	
0.156723	6147.41	6149.47	6204.77	5785.01	5787.24	
0.0859642	6116.29	6118.35	6173.74	5754.75	5756.98	
0.0294823	6104.57	6106.62	6162.04	5743.29	5745.51	
0.0726722	6112.5	6114.55	6169.95	5751.05	5753.27	
0.142952	6139.9	6141.96	6197.28	5777.72	5779.95	
0.213757	6186.15	6188.24	6243.4	5822.9	5825.15	
0.282911	6250.23	6252.34	6307.23	5885.78	5888.05	
0.349569	6330.75	6332.88	6387.44	5964.4	5966.69	
0.413222	6426.05	6428.2	6482.3	6057.48	6059.8	
0.473558	6534.3	6536.47	6590.06	6163.15	6165.49	
0.54177	6679.74	6682.02	6734.98	6305.28	6307.74	
0.485766	6558.46	6560.71	6614.18	6186.81	6189.24	
0.426312	6448	6450.23	6504.22	6078.97	6081.37	
0.363578	6350.14	6352.34	6406.8	5983.4	5985.77	
0.297899	6266.69	6268.86	6323.7	5901.91	5904.26	
0.229859	6199.37	6201.53	6256.63	5835.97	5838.31	
0.160542	6149.62	6151.75	6207.04	5787.22	5789.53	
0.0928957	6118.53	6120.65	6176.03	5757	5759.3	
0.0460416	6106.81	6108.93	6164.35	5745.56	5747.85	
0.0807746	6114.74	6116.86	6172.25	5753.3	5755.59	
0.147152	6142.12	6144.24	6199.56	5779.94	5782.24	
0.216494	6188.33	6190.48	6245.63	5825.11	5827.43	
0.28489	6252.35	6254.53	6309.41	5887.92	5890.26	
0.351082	6332.81	6335	6389.55	5966.47	5968.83	
0.414418	6428.02	6430.24	6484.33	6059.48	6061.87	
0.474525	6536.18	6538.43	6592	6165.06	6167.48	
0.54914	6697.04	6699.41	6752.3	6322.25	6324.81	
0.494691	6576.62	6578.96	6632.35	6204.64	6207.16	
0.437267	6467.02	6469.32	6523.23	6097.62	6100.11	
0.37727	6369.94	6372.22	6426.59	6002.82	6005.29	
0.315461	6287.17	6289.43	6344.19	5921.97	5924.41	
0.253273	6220.42	6222.67	6277.67	5856.74	5859.17	
0.193662	6171.08	6173.3	6228.52	5808.24	5810.64	
0.14364	6140.26	6142.47	6197.79	5778.21	5780.6	
0.119276	6128.64	6130.85	6186.2	5766.93	5769.31	
0.136238	6136.5	6138.7	6194.03	5774.56	5776.95	
0.182893	6163.64	6165.86	6221.11	5800.96	5803.36	
0.241398	6209.47	6211.72	6266.77	5845.99	5848.41	
0.303392	6272.96	6275.21	6330.02	5908.1	5910.54	
0.365417	6352.75	6355.03	6409.48	5986.03	5988.49	
0.425838	6447.2	6449.5	6503.5	6078.26	6080.75	
0.4838	6554.52	6556.84	6610.34	6183.04	6185.56	
0.562627	6729.55	6732.02	6784.8	6354.07	6356.74	
0.510903	6610.73	6613.17	6666.41	6238.02	6240.66	
0.456956	6502.69	6505.1	6558.83	6132.55	6135.16	
0.401489	6407.07	6409.46	6463.65	6039.2	6041.78	
0.345725	6325.59	6327.95	6382.53	5959.59	5962.14	
0.291794	6259.87	6262.22	6317.08	5895.43	5897.97	
0.243448	6211.32	6213.66	6268.7	5847.9	5850.43	
0.207098	6180.99	6183.3	6238.49	5818.06	5820.56	
0.191505	6169.55	6171.87	6227.1	5806.84	5809.34	
0.202187	6177.28	6179.6	6234.8	5814.42	5816.92	
0.235224	6204	6206.34	6261.41	5840.7	5843.22	
0.281845	6249.1	6251.45	6306.34	5884.91	5887.45	
0.335056	6311.59	6313.95	6368.6	5945.91	5948.46	
0.390669	6390.15	6392.53	6446.8	6022.66	6025.24	
0.44631	6483.16	6485.57	6539.39	6113.48	6116.08	
0.500619	6588.93	6591.36	6644.7	6216.74	6219.38	
0.581408	6776.69	6779.3	6831.91	6400.24	6403.06	
0.533238	6660.12	6662.69	6715.72	6286.4	6289.18	
0.483687	6554.29	6556.83	6610.32	6183.03	6185.78	
0.433689	6460.74	6463.26	6517.19	6091.7	6094.42	
0.384731	6381.09	6383.59	6437.9	6013.93	6016.62	
0.339125	6316.87	6319.34	6373.97	5951.18	5953.86	
0.300317	6269.43	6271.89	6326.71	5904.87	5907.53	
0.272943	6239.81	6242.27	6297.19	5875.94	5878.6	
0.261811	6228.64	6231.1	6286.07	5865.01	5867.66	
0.269393	6236.19	6238.65	6293.59	5872.4	5875.06	
0.293967	6262.28	6264.74	6319.59	5897.9	5900.55	
0.330954	6306.34	6308.81	6363.48	5940.9	5943.56	
0.375553	6367.41	6369.9	6424.28	6000.56	6003.25	
0.424074	6444.19	6446.71	6500.72	6075.54	6078.26	
0.474008	6535.17	6537.71	6591.29	6164.37	6167.11	
0.523732	6638.75	6641.32	6694.44	6265.51	6268.28	
0.604469	6837.69	6840.47	6892.87	6460	6463	
0.56032	6723.91	6726.65	6779.44	6348.83	6351.78	
0.515573	6620.82	6623.53	6676.72	6248.14	6251.06	
0.47127	6529.86	6532.54	6586.14	6159.32	6162.22	
0.428934	6452.5	6455.16	6509.13	6083.79	6086.66	
0.390695	6390.19	6392.83	6447.1	6022.96	6025.81	
0.35933	6344.17	6346.8	6401.29	5978	5980.83	
0.338021	6315.43	6318.04	6372.67	5949.92	5952.74	
0.329583	6304.6	6307.21	6361.89	5939.34	5942.16	
0.335315	6311.92	6314.54	6369.18	5946.49	5949.31	
0.354322	6337.23	6339.86	6394.38	5971.22	5974.05	
0.383992	6379.97	6382.61	6436.93	6012.97	6015.82	
0.421136	6439.22	6441.88	6495.91	6070.84	6073.7	
0.462866	6513.78	6516.45	6570.13	6143.63	6146.52	
0.506924	6602.22	6604.93	6658.2	6229.98	6232.9	
0.551679	6703.08	6705.81	6758.68	6328.5	6331.45	
0.630746	6911.59	6914.58	6966.75	6532.39	6535.62	
0.590776	6801.05	6804	6856.52	6424.38	6427.57	
0.55085	6701.1	6704.02	6756.89	6326.76	6329.91	
0.512009	6613.11	6615.99	6669.22	6240.79	6243.91	
0.475663	6538.41	6541.27	6594.83	6167.85	6170.94	
0.443618	6478.31	6481.16	6535	6109.18	6112.25	
0.418	6433.97	6436.8	6490.86	6065.88	6068.94	
0.400996	6406.29	6409.11	6463.3	6038.86	6041.91	
0.394362	6395.86	6398.68	6452.92	6028.68	6031.72	
0.398862	6402.91	6405.73	6459.94	6035.57	6038.61	
0.413972	6427.29	6430.12	6484.21	6059.36	6062.42	
0.438088	6468.47	6471.31	6525.2	6099.56	6102.63	
0.469063	6525.6	6528.46	6582.08	6155.34	6158.43	
0.504729	6597.57	6600.45	6653.74	6225.62	6228.73	
0.54321	6683.1	6686.01	6738.95	6309.18	6312.32	
0.583018	6780.83	6783.78	6836.37	6404.62	6407.81	
0.65924	6997.34	7000.61	7052.53	6616.44	6619.97	
0.623376	6890.37	6893.6	6945.83	6511.91	6515.39	
0.588036	6793.86	6797.05	6849.6	6417.6	6421.04	
0.55419	6709.08	6712.24	6765.08	6334.78	6338.18	
0.523066	6637.27	6640.4	6693.52	6264.62	6268	
0.496133	6579.6	6582.71	6636.08	6208.31	6211.67	
0.474993	6537.1	6540.19	6593.76	6166.8	6170.14	
0.461175	6510.59	6513.67	6567.36	6140.92	6144.26	
0.455834	6500.6	6503.69	6557.42	6131.18	6134.51	
0.459454	6507.35	6510.44	6564.14	6137.77	6141.1	
0.471704	6530.7	6533.79	6587.38	6160.55	6163.89	
0.491539	6570.16	6573.27	6626.68	6199.09	6202.44	
0.517477	6624.97	6628.1	6681.27	6252.6	6255.98	
0.547911	6694.13	6697.28	6750.18	6320.19	6323.59	
0.581334	6776.5	6779.68	6832.29	6400.63	6404.06	
0.616469	6870.84	6874.06	6926.35	6492.82	6496.3	
0.689074	7093.83	7097.48	7149.16	6711.08	6715.01	
0.657094	6990.66	6994.26	7046.2	6610.24	6614.12	
0.625969	6897.79	6901.35	6953.55	6519.48	6523.32	
0.596562	6816.38	6819.9	6872.36	6439.92	6443.72	
0.569908	6747.56	6751.05	6803.75	6372.66	6376.43	
0.547177	6692.4	6695.87	6748.77	6318.81	6322.56	
0.529573	6651.82	6655.27	6708.33	6279.16	6282.88	
0.51819	6626.53	6629.97	6683.14	6254.44	6258.15	
0.513818	6617.01	6620.45	6673.65	6245.14	6248.86	
0.516779	6623.45	6626.89	6680.06	6251.43	6255.14	
0.526855	6645.71	6649.16	6702.24	6273.19	6276.91	
0.543333	6683.38	6686.85	6739.78	6310.01	6313.75	
0.565165	6735.79	6739.27	6792.02	6361.16	6364.92	
0.591154	6802.04	6805.55	6858.07	6425.91	6429.7	
0.620114	6881.1	6884.65	6936.91	6503.18	6507	
0.650979	6971.85	6975.44	7027.43	6591.85	6595.72	
